0.000000000000000000e+00
0.000000000000000000e+00
0.000000000000000000e+00
0.000000000000000000e+00
0.000000000000000000e+00
0.000000000000000000e+00
0.000000000000000000e+00
0.000000000000000000e+00
0.000000000000000000e+00
0.000000000000000000e+00
0.000000000000000000e+00
0.000000000000000000e+00
0.000000000000000000e+00
0.000000000000000000e+00
0.000000000000000000e+00
0.000000000000000000e+00
0.000000000000000000e+00
0.000000000000000000e+00
0.000000000000000000e+00
0.000000000000000000e+00
0.000000000000000000e+00
0.000000000000000000e+00
0.000000000000000000e+00
0.000000000000000000e+00
0.000000000000000000e+00
0.000000000000000000e+00
0.000000000000000000e+00
0.000000000000000000e+00
0.000000000000000000e+00
0.000000000000000000e+00
0.000000000000000000e+00
0.000000000000000000e+00
0.000000000000000000e+00
0.000000000000000000e+00
0.000000000000000000e+00
0.000000000000000000e+00
0.000000000000000000e+00
0.000000000000000000e+00
0.000000000000000000e+00
0.000000000000000000e+00
0.000000000000000000e+00
0.000000000000000000e+00
0.000000000000000000e+00
0.000000000000000000e+00
0.000000000000000000e+00
0.000000000000000000e+00
0.000000000000000000e+00
0.000000000000000000e+00
0.000000000000000000e+00
0.000000000000000000e+00
0.000000000000000000e+00
0.000000000000000000e+00
0.000000000000000000e+00
0.000000000000000000e+00
0.000000000000000000e+00
0.000000000000000000e+00
0.000000000000000000e+00
0.000000000000000000e+00
0.000000000000000000e+00
0.000000000000000000e+00
0.000000000000000000e+00
0.000000000000000000e+00
0.000000000000000000e+00
0.000000000000000000e+00
0.000000000000000000e+00
0.000000000000000000e+00
0.000000000000000000e+00
0.000000000000000000e+00
0.000000000000000000e+00
0.000000000000000000e+00
0.000000000000000000e+00
0.000000000000000000e+00
0.000000000000000000e+00
0.000000000000000000e+00
0.000000000000000000e+00
0.000000000000000000e+00
0.000000000000000000e+00
0.000000000000000000e+00
0.000000000000000000e+00
0.000000000000000000e+00
0.000000000000000000e+00
0.000000000000000000e+00
0.000000000000000000e+00
0.000000000000000000e+00
0.000000000000000000e+00
0.000000000000000000e+00
0.000000000000000000e+00
0.000000000000000000e+00
0.000000000000000000e+00
0.000000000000000000e+00
0.000000000000000000e+00
0.000000000000000000e+00
0.000000000000000000e+00
0.000000000000000000e+00
0.000000000000000000e+00
0.000000000000000000e+00
0.000000000000000000e+00
0.000000000000000000e+00
0.000000000000000000e+00
0.000000000000000000e+00
0.000000000000000000e+00
0.000000000000000000e+00
0.000000000000000000e+00
0.000000000000000000e+00
0.000000000000000000e+00
0.000000000000000000e+00
0.000000000000000000e+00
0.000000000000000000e+00
0.000000000000000000e+00
0.000000000000000000e+00
0.000000000000000000e+00
0.000000000000000000e+00
0.000000000000000000e+00
0.000000000000000000e+00
0.000000000000000000e+00
0.000000000000000000e+00
0.000000000000000000e+00
0.000000000000000000e+00
0.000000000000000000e+00
0.000000000000000000e+00
0.000000000000000000e+00
0.000000000000000000e+00
0.000000000000000000e+00
0.000000000000000000e+00
0.000000000000000000e+00
0.000000000000000000e+00
0.000000000000000000e+00
0.000000000000000000e+00
0.000000000000000000e+00
0.000000000000000000e+00
0.000000000000000000e+00
0.000000000000000000e+00
0.000000000000000000e+00
0.000000000000000000e+00
0.000000000000000000e+00
0.000000000000000000e+00
0.000000000000000000e+00
0.000000000000000000e+00
0.000000000000000000e+00
0.000000000000000000e+00
0.000000000000000000e+00
0.000000000000000000e+00
0.000000000000000000e+00
0.000000000000000000e+00
0.000000000000000000e+00
0.000000000000000000e+00
0.000000000000000000e+00
0.000000000000000000e+00
0.000000000000000000e+00
0.000000000000000000e+00
0.000000000000000000e+00
0.000000000000000000e+00
0.000000000000000000e+00
0.000000000000000000e+00
0.000000000000000000e+00
0.000000000000000000e+00
0.000000000000000000e+00
0.000000000000000000e+00
0.000000000000000000e+00
0.000000000000000000e+00
0.000000000000000000e+00
0.000000000000000000e+00
0.000000000000000000e+00
0.000000000000000000e+00
1.724891035337350331e-06
0.000000000000000000e+00
0.000000000000000000e+00
1.725224365145550109e-06
0.000000000000000000e+00
1.722917886581853963e-06
3.438639623709605075e-06
3.432910943956812844e-06
3.446539267315529287e-06
3.412245860090479255e-06
5.148700893187196925e-06
1.723692207633575890e-06
5.142209829500643536e-06
6.865081559226382524e-06
1.370367044728482142e-05
1.716076258162502199e-05
2.231703547295182943e-05
2.401483834546525031e-05
2.061798659269697964e-05
2.230049358331598341e-05
1.723268542264122516e-05
2.742220021900720894e-05
2.229189340141601861e-05
2.747767030086833984e-05
4.796986104338429868e-05
4.292752055334858596e-05
4.794948836206458509e-05
6.167434912640601397e-05
5.489696195581927896e-05
6.686353299301117659e-05
7.371605170192196965e-05
1.060987997334450483e-04
9.605600644135847688e-05
1.283733290620148182e-04
1.799607416614890099e-04
1.764119369909167290e-04
2.569025673437863588e-04
2.502972201909869909e-04
2.711574197746813297e-04
2.969393099192529917e-04
3.738329687621444464e-04
3.929742670152336359e-04
4.737694689538329840e-04
4.909910494461655617e-04
6.113365525379776955e-04
6.868742639198899269e-04
6.622569053433835506e-04
5.940339178778231144e-04
5.542105645872652531e-04
5.919674295000731945e-04
4.978697979822754860e-04
3.861747100017964840e-04
3.619813069235533476e-04
2.745899255387485027e-04
2.590980147942900658e-04
2.623213513288646936e-04
2.572655212134122849e-04
2.248755772598087788e-04
2.297710452694445848e-04
2.627564535941928625e-04
1.888419792521744967e-04
1.716183905955404043e-04
1.714860263746231794e-04
1.544585102237761021e-04
1.078833302017301321e-04
1.061742950696498156e-04
7.019320037215948105e-05
7.358229049714282155e-05
3.919246228178963065e-05
2.219239286205265671e-05
1.365628668281715363e-05
1.193676689581479877e-05
8.542218893126118928e-06
1.703482325865479652e-06
1.717456598271382973e-06
3.408315478736767545e-06
0.000000000000000000e+00
0.000000000000000000e+00
3.414909997445647605e-06
0.000000000000000000e+00
0.000000000000000000e+00
0.000000000000000000e+00
0.000000000000000000e+00
0.000000000000000000e+00
0.000000000000000000e+00
0.000000000000000000e+00
0.000000000000000000e+00
0.000000000000000000e+00
0.000000000000000000e+00
5.156131464900681749e-06
1.719154056445404422e-06
6.873937763884896412e-06
1.377193166263168678e-05
1.721785702102351934e-05
3.446811433605034836e-06
1.719146894174627960e-05
1.373758004774572328e-05
1.896858339023310691e-05
8.547805919079110026e-06
2.238307388324756175e-05
1.198882637254428118e-05
1.372047790937358513e-05
2.921129271271638572e-05
5.668792437063530087e-05
6.168785330373793840e-05
7.366700447164475918e-05
1.131421740865334868e-04
1.456059835618361831e-04
1.233097282238304615e-04
1.488193229306489229e-04
1.422003697371110320e-04
1.235272357007488608e-04
1.953468599822372198e-04
2.142989251296967268e-04
2.726053644437342882e-04
2.936061937361955643e-04
3.534330171532928944e-04
4.154891939833760262e-04
4.439298645593225956e-04
4.838496388401836157e-04
5.354775930754840374e-04
5.709887482225894928e-04
6.022104644216597080e-04
5.631003296002745628e-04
4.945972468703985214e-04
4.944204119965434074e-04
4.322987515479326248e-04
3.847484767902642488e-04
3.516610304359346628e-04
3.077885485254228115e-04
2.216800203314051032e-04
2.148740313714370131e-04
1.511316222604364157e-04
1.097381828003562987e-04
1.098804495995864272e-04
1.404836220899596810e-04
1.302074088016524911e-04
9.437467087991535664e-05
1.316623238380998373e-04
1.267340558115392923e-04
1.164320274256169796e-04
1.319705625064671040e-04
9.763719572219997644e-05
1.146467475336976349e-04
9.405916352989152074e-05
7.357529102591797709e-05
6.678492354694753885e-05
7.700450805714353919e-05
7.868178363423794508e-05
9.594798757461830974e-05
7.886357343522831798e-05
9.254713950213044882e-05
9.774154023034498096e-05
9.102642070502042770e-05
8.386563422391191125e-05
8.406492270296439528e-05
7.376387657131999731e-05
6.357880192808806896e-05
7.037170144030824304e-05
5.831589805893599987e-05
3.449369978625327349e-05
3.789572292589582503e-05
3.276981078670360148e-05
3.807486064033582807e-05
2.411660898360423744e-05
2.247930569865275174e-05
1.903411794046405703e-05
1.551964123791549355e-05
8.571700163884088397e-06
1.032171985571039841e-05
1.038763366523198783e-05
1.726717300698510371e-06
0.000000000000000000e+00
0.000000000000000000e+00
0.000000000000000000e+00
0.000000000000000000e+00
0.000000000000000000e+00
0.000000000000000000e+00
0.000000000000000000e+00
0.000000000000000000e+00
0.000000000000000000e+00
0.000000000000000000e+00
0.000000000000000000e+00
0.000000000000000000e+00
0.000000000000000000e+00
0.000000000000000000e+00
0.000000000000000000e+00
0.000000000000000000e+00
0.000000000000000000e+00
0.000000000000000000e+00
0.000000000000000000e+00
0.000000000000000000e+00
0.000000000000000000e+00
0.000000000000000000e+00
0.000000000000000000e+00
0.000000000000000000e+00
0.000000000000000000e+00
0.000000000000000000e+00
0.000000000000000000e+00
0.000000000000000000e+00
0.000000000000000000e+00
0.000000000000000000e+00
0.000000000000000000e+00
0.000000000000000000e+00
0.000000000000000000e+00
0.000000000000000000e+00
0.000000000000000000e+00
0.000000000000000000e+00
0.000000000000000000e+00
0.000000000000000000e+00
0.000000000000000000e+00
0.000000000000000000e+00
0.000000000000000000e+00
0.000000000000000000e+00
0.000000000000000000e+00
0.000000000000000000e+00
0.000000000000000000e+00
0.000000000000000000e+00
0.000000000000000000e+00
0.000000000000000000e+00
0.000000000000000000e+00
0.000000000000000000e+00
0.000000000000000000e+00
0.000000000000000000e+00
0.000000000000000000e+00
0.000000000000000000e+00
0.000000000000000000e+00
0.000000000000000000e+00
0.000000000000000000e+00
0.000000000000000000e+00
0.000000000000000000e+00
0.000000000000000000e+00
0.000000000000000000e+00
0.000000000000000000e+00
0.000000000000000000e+00
0.000000000000000000e+00
0.000000000000000000e+00
0.000000000000000000e+00
0.000000000000000000e+00
0.000000000000000000e+00
0.000000000000000000e+00
0.000000000000000000e+00
0.000000000000000000e+00
0.000000000000000000e+00
0.000000000000000000e+00
0.000000000000000000e+00
0.000000000000000000e+00
0.000000000000000000e+00
0.000000000000000000e+00
0.000000000000000000e+00
0.000000000000000000e+00
0.000000000000000000e+00
0.000000000000000000e+00
0.000000000000000000e+00
0.000000000000000000e+00
0.000000000000000000e+00
0.000000000000000000e+00
0.000000000000000000e+00
0.000000000000000000e+00
0.000000000000000000e+00
0.000000000000000000e+00
0.000000000000000000e+00
0.000000000000000000e+00
0.000000000000000000e+00
0.000000000000000000e+00
0.000000000000000000e+00
0.000000000000000000e+00
0.000000000000000000e+00
0.000000000000000000e+00
0.000000000000000000e+00
0.000000000000000000e+00
0.000000000000000000e+00
0.000000000000000000e+00
0.000000000000000000e+00
0.000000000000000000e+00
0.000000000000000000e+00
0.000000000000000000e+00
0.000000000000000000e+00
0.000000000000000000e+00
0.000000000000000000e+00
0.000000000000000000e+00
0.000000000000000000e+00
0.000000000000000000e+00
0.000000000000000000e+00
0.000000000000000000e+00
0.000000000000000000e+00
0.000000000000000000e+00
0.000000000000000000e+00
0.000000000000000000e+00
0.000000000000000000e+00
0.000000000000000000e+00
0.000000000000000000e+00
0.000000000000000000e+00
0.000000000000000000e+00
0.000000000000000000e+00
0.000000000000000000e+00
0.000000000000000000e+00
0.000000000000000000e+00
0.000000000000000000e+00
0.000000000000000000e+00
0.000000000000000000e+00
0.000000000000000000e+00
0.000000000000000000e+00
0.000000000000000000e+00
0.000000000000000000e+00
0.000000000000000000e+00
0.000000000000000000e+00
0.000000000000000000e+00
0.000000000000000000e+00
0.000000000000000000e+00
0.000000000000000000e+00
0.000000000000000000e+00
0.000000000000000000e+00
0.000000000000000000e+00
0.000000000000000000e+00
0.000000000000000000e+00
0.000000000000000000e+00
0.000000000000000000e+00
0.000000000000000000e+00
0.000000000000000000e+00
0.000000000000000000e+00
0.000000000000000000e+00
0.000000000000000000e+00
0.000000000000000000e+00
0.000000000000000000e+00
0.000000000000000000e+00
0.000000000000000000e+00
0.000000000000000000e+00
0.000000000000000000e+00
0.000000000000000000e+00
0.000000000000000000e+00
0.000000000000000000e+00
0.000000000000000000e+00
0.000000000000000000e+00
0.000000000000000000e+00
0.000000000000000000e+00
