0.000000000000000000e+00
0.000000000000000000e+00
0.000000000000000000e+00
0.000000000000000000e+00
0.000000000000000000e+00
0.000000000000000000e+00
0.000000000000000000e+00
0.000000000000000000e+00
0.000000000000000000e+00
0.000000000000000000e+00
0.000000000000000000e+00
0.000000000000000000e+00
0.000000000000000000e+00
0.000000000000000000e+00
0.000000000000000000e+00
0.000000000000000000e+00
0.000000000000000000e+00
0.000000000000000000e+00
0.000000000000000000e+00
0.000000000000000000e+00
0.000000000000000000e+00
0.000000000000000000e+00
0.000000000000000000e+00
0.000000000000000000e+00
0.000000000000000000e+00
0.000000000000000000e+00
0.000000000000000000e+00
0.000000000000000000e+00
0.000000000000000000e+00
0.000000000000000000e+00
0.000000000000000000e+00
0.000000000000000000e+00
0.000000000000000000e+00
0.000000000000000000e+00
0.000000000000000000e+00
0.000000000000000000e+00
0.000000000000000000e+00
0.000000000000000000e+00
0.000000000000000000e+00
0.000000000000000000e+00
0.000000000000000000e+00
0.000000000000000000e+00
0.000000000000000000e+00
0.000000000000000000e+00
0.000000000000000000e+00
0.000000000000000000e+00
0.000000000000000000e+00
0.000000000000000000e+00
0.000000000000000000e+00
0.000000000000000000e+00
0.000000000000000000e+00
0.000000000000000000e+00
0.000000000000000000e+00
0.000000000000000000e+00
0.000000000000000000e+00
0.000000000000000000e+00
0.000000000000000000e+00
0.000000000000000000e+00
0.000000000000000000e+00
0.000000000000000000e+00
0.000000000000000000e+00
0.000000000000000000e+00
0.000000000000000000e+00
0.000000000000000000e+00
0.000000000000000000e+00
0.000000000000000000e+00
0.000000000000000000e+00
0.000000000000000000e+00
0.000000000000000000e+00
0.000000000000000000e+00
0.000000000000000000e+00
0.000000000000000000e+00
0.000000000000000000e+00
0.000000000000000000e+00
0.000000000000000000e+00
0.000000000000000000e+00
0.000000000000000000e+00
0.000000000000000000e+00
0.000000000000000000e+00
0.000000000000000000e+00
0.000000000000000000e+00
0.000000000000000000e+00
0.000000000000000000e+00
0.000000000000000000e+00
0.000000000000000000e+00
0.000000000000000000e+00
0.000000000000000000e+00
0.000000000000000000e+00
0.000000000000000000e+00
0.000000000000000000e+00
0.000000000000000000e+00
0.000000000000000000e+00
0.000000000000000000e+00
0.000000000000000000e+00
0.000000000000000000e+00
0.000000000000000000e+00
0.000000000000000000e+00
0.000000000000000000e+00
0.000000000000000000e+00
0.000000000000000000e+00
0.000000000000000000e+00
0.000000000000000000e+00
0.000000000000000000e+00
0.000000000000000000e+00
0.000000000000000000e+00
0.000000000000000000e+00
0.000000000000000000e+00
0.000000000000000000e+00
0.000000000000000000e+00
0.000000000000000000e+00
0.000000000000000000e+00
0.000000000000000000e+00
0.000000000000000000e+00
0.000000000000000000e+00
0.000000000000000000e+00
0.000000000000000000e+00
0.000000000000000000e+00
0.000000000000000000e+00
0.000000000000000000e+00
0.000000000000000000e+00
0.000000000000000000e+00
0.000000000000000000e+00
0.000000000000000000e+00
0.000000000000000000e+00
0.000000000000000000e+00
0.000000000000000000e+00
0.000000000000000000e+00
0.000000000000000000e+00
0.000000000000000000e+00
0.000000000000000000e+00
0.000000000000000000e+00
0.000000000000000000e+00
0.000000000000000000e+00
0.000000000000000000e+00
0.000000000000000000e+00
0.000000000000000000e+00
0.000000000000000000e+00
0.000000000000000000e+00
0.000000000000000000e+00
0.000000000000000000e+00
0.000000000000000000e+00
0.000000000000000000e+00
0.000000000000000000e+00
0.000000000000000000e+00
0.000000000000000000e+00
0.000000000000000000e+00
0.000000000000000000e+00
0.000000000000000000e+00
0.000000000000000000e+00
0.000000000000000000e+00
0.000000000000000000e+00
0.000000000000000000e+00
0.000000000000000000e+00
0.000000000000000000e+00
0.000000000000000000e+00
0.000000000000000000e+00
0.000000000000000000e+00
0.000000000000000000e+00
0.000000000000000000e+00
0.000000000000000000e+00
0.000000000000000000e+00
0.000000000000000000e+00
0.000000000000000000e+00
0.000000000000000000e+00
0.000000000000000000e+00
0.000000000000000000e+00
0.000000000000000000e+00
0.000000000000000000e+00
0.000000000000000000e+00
0.000000000000000000e+00
0.000000000000000000e+00
0.000000000000000000e+00
0.000000000000000000e+00
1.034934666677145287e-05
0.000000000000000000e+00
1.033054923027520999e-05
0.000000000000000000e+00
1.035134573612594977e-05
0.000000000000000000e+00
1.033750777423847467e-05
5.157799387234263122e-05
2.050397597486153245e-05
2.063458487100433558e-05
1.033476564771262929e-05
2.055595177807845175e-05
3.088583252974785864e-05
7.220717816380783916e-05
7.218216342153027654e-05
7.194751378847286105e-05
1.029678896884433925e-04
1.131239332607947290e-04
1.957087661139667034e-04
7.226030720630660653e-05
1.853917201515287161e-04
6.195615424076095223e-05
2.367699489695951343e-04
2.161028387490659952e-04
2.155849651899188757e-04
2.367089327890425920e-04
3.394589584786444902e-04
2.774400054477155209e-04
4.525402327999472618e-04
5.754093872383236885e-04
6.262891693040728569e-04
8.742553181946277618e-04
7.813121192157268524e-04
1.028488390147686005e-03
1.119442516937851906e-03
1.223962171934545040e-03
1.286151702515780926e-03
1.501649734564125538e-03
2.017246559262275696e-03
2.088863635435700417e-03
2.193974563851952553e-03
2.614312106743454933e-03
2.576379105448722839e-03
3.142342669889330864e-03
3.068885533139109612e-03
3.201269311830401421e-03
3.626182442530989647e-03
3.572533605620265007e-03
3.387786913663148880e-03
3.073217114433646202e-03
2.583159366622567177e-03
2.449565334245562553e-03
2.162980381399393082e-03
1.729763345792889595e-03
1.266251201741397381e-03
1.616013003513216972e-03
1.206051674671471119e-03
1.347586628980934620e-03
1.296589151024818420e-03
1.089692465029656887e-03
1.339250360615551472e-03
1.204715459607541561e-03
1.276604365557432175e-03
1.019205548800528049e-03
8.032479090616106987e-04
6.890980876050889492e-04
7.395895663648843765e-04
3.897745918948203325e-04
4.009297117590904236e-04
2.360553626203909516e-04
2.055251097772270441e-04
1.742577296681702137e-04
1.544204860692843795e-04
1.336715358775109053e-04
9.257235797122120857e-05
1.030545681715011597e-04
8.252220868598669767e-05
1.341965253232046962e-04
6.182170909596607089e-05
1.030089188134297729e-04
9.288105502491816878e-05
1.649518817430362105e-04
2.264734794152900577e-04
3.601356584113091230e-04
3.592660068534314632e-04
3.394218219909816980e-04
6.067567737773060799e-04
5.652960971929132938e-04
7.603044505231082439e-04
7.511733565479516983e-04
7.406746153719723225e-04
7.920128991827368736e-04
9.144899668172001839e-04
1.121894572861492634e-03
1.347231795080006123e-03
1.605883357115089893e-03
1.833068090490996838e-03
2.089352579787373543e-03
2.460656221956014633e-03
2.696437295526266098e-03
2.791304141283035278e-03
2.821043599396944046e-03
3.087874501943588257e-03
3.120428184047341347e-03
2.872909884899854660e-03
2.781484043225646019e-03
2.842460293322801590e-03
2.584716770797967911e-03
2.658519893884658813e-03
2.173444256186485291e-03
1.856524031609296799e-03
1.709210569970309734e-03
1.204185653477907181e-03
9.676210465840995312e-04
8.754206937737762928e-04
9.787791641429066658e-04
7.091489969752728939e-04
5.970298079773783684e-04
4.530227743089199066e-04
5.755779566243290901e-04
7.702755974605679512e-04
6.993165006861090660e-04
6.776614463888108730e-04
6.157209281809628010e-04
5.851333262398838997e-04
5.538798286579549313e-04
4.729993233922868967e-04
4.928969428874552250e-04
4.417391319293528795e-04
5.333974841050803661e-04
4.512885934673249722e-04
3.493307158350944519e-04
3.282797406427562237e-04
3.077840083278715611e-04
3.502982435747981071e-04
3.805441374424844980e-04
4.422974598128348589e-04
4.425330262165516615e-04
4.229061596561223269e-04
2.879305975511670113e-04
3.193902957718819380e-04
3.718679654411971569e-04
2.371614100411534309e-04
3.403379232622683048e-04
2.577250415924936533e-04
2.881279797293245792e-04
2.570801589172333479e-04
3.699015360325574875e-04
1.543254475109279156e-04
1.335951383225619793e-04
1.238762342836707830e-04
1.854494039434939623e-04
1.653966755839064717e-04
1.654517691349610686e-04
1.449108385713770986e-04
1.031975334626622498e-04
1.555204071337357163e-04
1.658371475059539080e-04
8.277058805106207728e-05
7.267924956977367401e-05
7.240921695483848453e-05
2.066323031613137573e-05
0.000000000000000000e+00
1.034333126881392673e-05
2.068299727397970855e-05
0.000000000000000000e+00
1.032492127706063911e-05
0.000000000000000000e+00
0.000000000000000000e+00
0.000000000000000000e+00
0.000000000000000000e+00
0.000000000000000000e+00
0.000000000000000000e+00
0.000000000000000000e+00
0.000000000000000000e+00
0.000000000000000000e+00
0.000000000000000000e+00
0.000000000000000000e+00
0.000000000000000000e+00
0.000000000000000000e+00
0.000000000000000000e+00
0.000000000000000000e+00
0.000000000000000000e+00
0.000000000000000000e+00
0.000000000000000000e+00
0.000000000000000000e+00
0.000000000000000000e+00
0.000000000000000000e+00
0.000000000000000000e+00
0.000000000000000000e+00
0.000000000000000000e+00
0.000000000000000000e+00
0.000000000000000000e+00
0.000000000000000000e+00
0.000000000000000000e+00
0.000000000000000000e+00
0.000000000000000000e+00
0.000000000000000000e+00
0.000000000000000000e+00
0.000000000000000000e+00
0.000000000000000000e+00
0.000000000000000000e+00
0.000000000000000000e+00
0.000000000000000000e+00
0.000000000000000000e+00
0.000000000000000000e+00
0.000000000000000000e+00
0.000000000000000000e+00
0.000000000000000000e+00
0.000000000000000000e+00
0.000000000000000000e+00
0.000000000000000000e+00
0.000000000000000000e+00
0.000000000000000000e+00
0.000000000000000000e+00
0.000000000000000000e+00
0.000000000000000000e+00
0.000000000000000000e+00
0.000000000000000000e+00
0.000000000000000000e+00
0.000000000000000000e+00
0.000000000000000000e+00
0.000000000000000000e+00
0.000000000000000000e+00
0.000000000000000000e+00
0.000000000000000000e+00
0.000000000000000000e+00
0.000000000000000000e+00
0.000000000000000000e+00
0.000000000000000000e+00
0.000000000000000000e+00
0.000000000000000000e+00
0.000000000000000000e+00
0.000000000000000000e+00
0.000000000000000000e+00
0.000000000000000000e+00
0.000000000000000000e+00
0.000000000000000000e+00
0.000000000000000000e+00
0.000000000000000000e+00
0.000000000000000000e+00
0.000000000000000000e+00
0.000000000000000000e+00
0.000000000000000000e+00
0.000000000000000000e+00
0.000000000000000000e+00
0.000000000000000000e+00
0.000000000000000000e+00
0.000000000000000000e+00
0.000000000000000000e+00
0.000000000000000000e+00
0.000000000000000000e+00
0.000000000000000000e+00
0.000000000000000000e+00
0.000000000000000000e+00
0.000000000000000000e+00
0.000000000000000000e+00
0.000000000000000000e+00
0.000000000000000000e+00
0.000000000000000000e+00
0.000000000000000000e+00
0.000000000000000000e+00
0.000000000000000000e+00
0.000000000000000000e+00
0.000000000000000000e+00
0.000000000000000000e+00
0.000000000000000000e+00
0.000000000000000000e+00
0.000000000000000000e+00
0.000000000000000000e+00
0.000000000000000000e+00
0.000000000000000000e+00
0.000000000000000000e+00
0.000000000000000000e+00
0.000000000000000000e+00
0.000000000000000000e+00
0.000000000000000000e+00
0.000000000000000000e+00
0.000000000000000000e+00
0.000000000000000000e+00
0.000000000000000000e+00
0.000000000000000000e+00
0.000000000000000000e+00
0.000000000000000000e+00
0.000000000000000000e+00
0.000000000000000000e+00
0.000000000000000000e+00
0.000000000000000000e+00
0.000000000000000000e+00
0.000000000000000000e+00
0.000000000000000000e+00
0.000000000000000000e+00
0.000000000000000000e+00
0.000000000000000000e+00
0.000000000000000000e+00
0.000000000000000000e+00
0.000000000000000000e+00
0.000000000000000000e+00
0.000000000000000000e+00
0.000000000000000000e+00
0.000000000000000000e+00
0.000000000000000000e+00
0.000000000000000000e+00
0.000000000000000000e+00
0.000000000000000000e+00
0.000000000000000000e+00
0.000000000000000000e+00
0.000000000000000000e+00
0.000000000000000000e+00
0.000000000000000000e+00
0.000000000000000000e+00
0.000000000000000000e+00
0.000000000000000000e+00
0.000000000000000000e+00
0.000000000000000000e+00
0.000000000000000000e+00
0.000000000000000000e+00
0.000000000000000000e+00
0.000000000000000000e+00
0.000000000000000000e+00
0.000000000000000000e+00
0.000000000000000000e+00
0.000000000000000000e+00
0.000000000000000000e+00
0.000000000000000000e+00
0.000000000000000000e+00
0.000000000000000000e+00
