0.000000000000000000e+00
0.000000000000000000e+00
0.000000000000000000e+00
0.000000000000000000e+00
0.000000000000000000e+00
0.000000000000000000e+00
0.000000000000000000e+00
0.000000000000000000e+00
0.000000000000000000e+00
0.000000000000000000e+00
0.000000000000000000e+00
0.000000000000000000e+00
0.000000000000000000e+00
0.000000000000000000e+00
0.000000000000000000e+00
0.000000000000000000e+00
0.000000000000000000e+00
0.000000000000000000e+00
0.000000000000000000e+00
0.000000000000000000e+00
0.000000000000000000e+00
0.000000000000000000e+00
0.000000000000000000e+00
0.000000000000000000e+00
0.000000000000000000e+00
0.000000000000000000e+00
0.000000000000000000e+00
0.000000000000000000e+00
0.000000000000000000e+00
0.000000000000000000e+00
0.000000000000000000e+00
0.000000000000000000e+00
0.000000000000000000e+00
0.000000000000000000e+00
0.000000000000000000e+00
0.000000000000000000e+00
0.000000000000000000e+00
0.000000000000000000e+00
0.000000000000000000e+00
0.000000000000000000e+00
0.000000000000000000e+00
0.000000000000000000e+00
0.000000000000000000e+00
0.000000000000000000e+00
0.000000000000000000e+00
0.000000000000000000e+00
0.000000000000000000e+00
0.000000000000000000e+00
0.000000000000000000e+00
0.000000000000000000e+00
0.000000000000000000e+00
0.000000000000000000e+00
0.000000000000000000e+00
0.000000000000000000e+00
0.000000000000000000e+00
0.000000000000000000e+00
0.000000000000000000e+00
0.000000000000000000e+00
0.000000000000000000e+00
0.000000000000000000e+00
0.000000000000000000e+00
0.000000000000000000e+00
0.000000000000000000e+00
0.000000000000000000e+00
0.000000000000000000e+00
0.000000000000000000e+00
0.000000000000000000e+00
0.000000000000000000e+00
0.000000000000000000e+00
0.000000000000000000e+00
0.000000000000000000e+00
0.000000000000000000e+00
0.000000000000000000e+00
0.000000000000000000e+00
0.000000000000000000e+00
0.000000000000000000e+00
0.000000000000000000e+00
0.000000000000000000e+00
0.000000000000000000e+00
0.000000000000000000e+00
0.000000000000000000e+00
0.000000000000000000e+00
0.000000000000000000e+00
0.000000000000000000e+00
0.000000000000000000e+00
0.000000000000000000e+00
0.000000000000000000e+00
0.000000000000000000e+00
0.000000000000000000e+00
0.000000000000000000e+00
0.000000000000000000e+00
0.000000000000000000e+00
0.000000000000000000e+00
0.000000000000000000e+00
0.000000000000000000e+00
0.000000000000000000e+00
0.000000000000000000e+00
0.000000000000000000e+00
0.000000000000000000e+00
0.000000000000000000e+00
0.000000000000000000e+00
0.000000000000000000e+00
0.000000000000000000e+00
0.000000000000000000e+00
0.000000000000000000e+00
0.000000000000000000e+00
0.000000000000000000e+00
0.000000000000000000e+00
0.000000000000000000e+00
0.000000000000000000e+00
0.000000000000000000e+00
0.000000000000000000e+00
0.000000000000000000e+00
0.000000000000000000e+00
0.000000000000000000e+00
0.000000000000000000e+00
0.000000000000000000e+00
0.000000000000000000e+00
0.000000000000000000e+00
0.000000000000000000e+00
0.000000000000000000e+00
0.000000000000000000e+00
0.000000000000000000e+00
0.000000000000000000e+00
0.000000000000000000e+00
0.000000000000000000e+00
0.000000000000000000e+00
0.000000000000000000e+00
0.000000000000000000e+00
0.000000000000000000e+00
0.000000000000000000e+00
0.000000000000000000e+00
0.000000000000000000e+00
0.000000000000000000e+00
0.000000000000000000e+00
0.000000000000000000e+00
0.000000000000000000e+00
0.000000000000000000e+00
0.000000000000000000e+00
0.000000000000000000e+00
0.000000000000000000e+00
0.000000000000000000e+00
0.000000000000000000e+00
0.000000000000000000e+00
0.000000000000000000e+00
0.000000000000000000e+00
0.000000000000000000e+00
0.000000000000000000e+00
0.000000000000000000e+00
0.000000000000000000e+00
0.000000000000000000e+00
0.000000000000000000e+00
0.000000000000000000e+00
0.000000000000000000e+00
0.000000000000000000e+00
0.000000000000000000e+00
0.000000000000000000e+00
0.000000000000000000e+00
0.000000000000000000e+00
0.000000000000000000e+00
0.000000000000000000e+00
0.000000000000000000e+00
0.000000000000000000e+00
0.000000000000000000e+00
0.000000000000000000e+00
0.000000000000000000e+00
0.000000000000000000e+00
0.000000000000000000e+00
0.000000000000000000e+00
0.000000000000000000e+00
0.000000000000000000e+00
0.000000000000000000e+00
0.000000000000000000e+00
1.724891035337350331e-06
0.000000000000000000e+00
1.721758280837093480e-06
0.000000000000000000e+00
1.725224365145550109e-06
0.000000000000000000e+00
1.722917886581853963e-06
8.596332008892204612e-06
3.417329480726039037e-06
3.439097099544596858e-06
1.722460979181050789e-06
3.425992190386750735e-06
5.147638603375526145e-06
1.203452848130837083e-05
1.203036117658484727e-05
1.199125290440861136e-05
1.716131555440369993e-05
1.885398887679912150e-05
3.261812889832071960e-05
1.204338423121953383e-05
3.089862002525478601e-05
1.032602540362859145e-05
3.946165816159918904e-05
3.601713979151099920e-05
3.593082874431274831e-05
3.945149001083336771e-05
5.657649307977408171e-05
4.624000212061218917e-05
7.542336970800533891e-05
9.590156696503981948e-05
1.043815282173454762e-04
1.457092148484662175e-04
1.302186865359544754e-04
1.714147365419194102e-04
1.865737431216984987e-04
2.039936953224241734e-04
2.143586025340482593e-04
2.502749557606875896e-04
3.362077404744923115e-04
3.481439489405602217e-04
3.656623885035514832e-04
4.357186844572424889e-04
4.293965175747871399e-04
5.237237783148884773e-04
5.114809027872979641e-04
5.335449241101741791e-04
6.043637986294925213e-04
5.954222870059311390e-04
5.646311910822987556e-04
5.122028524056077003e-04
4.305265902075916529e-04
4.082608793396502733e-04
3.604967205319553614e-04
2.882939006667584181e-04
2.110418718075379729e-04
2.693355199880897999e-04
2.010086172958835959e-04
2.245977811980992556e-04
2.160981821361929178e-04
1.816154108382761478e-04
2.232083934359252453e-04
2.007859147852286696e-04
2.127673942595720291e-04
1.698676060186699033e-04
1.338746515102684498e-04
1.148496812675148249e-04
1.232649228768423200e-04
6.496243440778926015e-05
6.682162347715348005e-05
3.934256164939142764e-05
3.425418617553077638e-05
2.904295615735463798e-05
2.573674646555446088e-05
2.227858931291848421e-05
1.542872814752627164e-05
1.717576196824666113e-05
1.375370084133464843e-05
2.236608816019725055e-05
1.030361818266101182e-05
1.716815313557162881e-05
1.548017644381616265e-05
2.749197847151663154e-05
3.774557990254834294e-05
6.002260852255858481e-05
5.987766780890524387e-05
5.657029760186560452e-05
1.011261265375651419e-04
9.421603317605331540e-05
1.267174084205180407e-04
1.251955691259354353e-04
1.234457740793004632e-04
1.320021401625126600e-04
1.524149993201717734e-04
1.869824336608871818e-04
2.245386276626959443e-04
2.676472067832946777e-04
3.055113484151661396e-04
3.482254396658390760e-04
4.101093509234488010e-04
4.494062159210443497e-04
4.652173374779522419e-04
4.701738944277167320e-04
5.146457697264850140e-04
5.200713058002293110e-04
4.788182268384844065e-04
4.635806835722178221e-04
4.737434210255742073e-04
4.307861381676048040e-04
4.430866683833301067e-04
3.622407384682446718e-04
3.094206622336059809e-04
2.848684089258313179e-04
2.006975701078772545e-04
1.612701744306832552e-04
1.459034538129344583e-04
1.631298655411228538e-04
1.181914922199212015e-04
9.950496314559131861e-05
7.550379814347252250e-05
9.592965943738818169e-05
1.283792662434279919e-04
1.165527501143515110e-04
1.129435768234543502e-04
1.026201571221463382e-04
9.752221376402303576e-05
9.231330477632582188e-05
7.883322541601955891e-05
8.214948320528492332e-05
7.362318865489214659e-05
8.889958553481847048e-05
7.521476800320670009e-05
5.822178718517534435e-05
5.471329131978563964e-05
5.129733835929073393e-05
5.838304423377849162e-05
6.342402048176154494e-05
7.371624815277755260e-05
7.375550194410607219e-05
7.048436236800625920e-05
4.798843292519450188e-05
5.323171717463992536e-05
6.197799666551873088e-05
3.952690167352557182e-05
5.672298721037805080e-05
4.295417238608933985e-05
4.802133116754703224e-05
4.284669557819142938e-05
6.165025843074545264e-05
2.572090670582838356e-05
2.226585456810425967e-05
2.064603904727846384e-05
3.090823520324192941e-05
2.756611320364754647e-05
2.757529546215664595e-05
2.415180642856284976e-05
1.719958891044370830e-05
2.592006967461202294e-05
2.763952579698525369e-05
1.379509831167524680e-05
1.211320795846404508e-05
1.206820343213621527e-05
3.443871719355229288e-06
0.000000000000000000e+00
1.723888431115483399e-06
3.447166363912401721e-06
0.000000000000000000e+00
1.720820250739052426e-06
0.000000000000000000e+00
0.000000000000000000e+00
0.000000000000000000e+00
0.000000000000000000e+00
0.000000000000000000e+00
0.000000000000000000e+00
0.000000000000000000e+00
0.000000000000000000e+00
0.000000000000000000e+00
0.000000000000000000e+00
0.000000000000000000e+00
0.000000000000000000e+00
0.000000000000000000e+00
0.000000000000000000e+00
0.000000000000000000e+00
0.000000000000000000e+00
0.000000000000000000e+00
0.000000000000000000e+00
0.000000000000000000e+00
0.000000000000000000e+00
0.000000000000000000e+00
0.000000000000000000e+00
0.000000000000000000e+00
0.000000000000000000e+00
0.000000000000000000e+00
0.000000000000000000e+00
0.000000000000000000e+00
0.000000000000000000e+00
0.000000000000000000e+00
0.000000000000000000e+00
0.000000000000000000e+00
0.000000000000000000e+00
0.000000000000000000e+00
0.000000000000000000e+00
0.000000000000000000e+00
0.000000000000000000e+00
0.000000000000000000e+00
0.000000000000000000e+00
0.000000000000000000e+00
0.000000000000000000e+00
0.000000000000000000e+00
0.000000000000000000e+00
0.000000000000000000e+00
0.000000000000000000e+00
0.000000000000000000e+00
0.000000000000000000e+00
0.000000000000000000e+00
0.000000000000000000e+00
0.000000000000000000e+00
0.000000000000000000e+00
0.000000000000000000e+00
0.000000000000000000e+00
0.000000000000000000e+00
0.000000000000000000e+00
0.000000000000000000e+00
0.000000000000000000e+00
0.000000000000000000e+00
0.000000000000000000e+00
0.000000000000000000e+00
0.000000000000000000e+00
0.000000000000000000e+00
0.000000000000000000e+00
0.000000000000000000e+00
0.000000000000000000e+00
0.000000000000000000e+00
0.000000000000000000e+00
0.000000000000000000e+00
0.000000000000000000e+00
0.000000000000000000e+00
0.000000000000000000e+00
0.000000000000000000e+00
0.000000000000000000e+00
0.000000000000000000e+00
0.000000000000000000e+00
0.000000000000000000e+00
0.000000000000000000e+00
0.000000000000000000e+00
0.000000000000000000e+00
0.000000000000000000e+00
0.000000000000000000e+00
0.000000000000000000e+00
0.000000000000000000e+00
0.000000000000000000e+00
0.000000000000000000e+00
0.000000000000000000e+00
0.000000000000000000e+00
0.000000000000000000e+00
0.000000000000000000e+00
0.000000000000000000e+00
0.000000000000000000e+00
0.000000000000000000e+00
0.000000000000000000e+00
0.000000000000000000e+00
0.000000000000000000e+00
0.000000000000000000e+00
0.000000000000000000e+00
0.000000000000000000e+00
0.000000000000000000e+00
0.000000000000000000e+00
0.000000000000000000e+00
0.000000000000000000e+00
0.000000000000000000e+00
0.000000000000000000e+00
0.000000000000000000e+00
0.000000000000000000e+00
0.000000000000000000e+00
0.000000000000000000e+00
0.000000000000000000e+00
0.000000000000000000e+00
0.000000000000000000e+00
0.000000000000000000e+00
0.000000000000000000e+00
0.000000000000000000e+00
0.000000000000000000e+00
0.000000000000000000e+00
0.000000000000000000e+00
0.000000000000000000e+00
0.000000000000000000e+00
0.000000000000000000e+00
0.000000000000000000e+00
0.000000000000000000e+00
0.000000000000000000e+00
0.000000000000000000e+00
0.000000000000000000e+00
0.000000000000000000e+00
0.000000000000000000e+00
0.000000000000000000e+00
0.000000000000000000e+00
0.000000000000000000e+00
0.000000000000000000e+00
0.000000000000000000e+00
0.000000000000000000e+00
0.000000000000000000e+00
0.000000000000000000e+00
0.000000000000000000e+00
0.000000000000000000e+00
0.000000000000000000e+00
0.000000000000000000e+00
0.000000000000000000e+00
0.000000000000000000e+00
0.000000000000000000e+00
0.000000000000000000e+00
0.000000000000000000e+00
0.000000000000000000e+00
0.000000000000000000e+00
0.000000000000000000e+00
0.000000000000000000e+00
0.000000000000000000e+00
0.000000000000000000e+00
0.000000000000000000e+00
0.000000000000000000e+00
0.000000000000000000e+00
0.000000000000000000e+00
0.000000000000000000e+00
0.000000000000000000e+00
0.000000000000000000e+00
0.000000000000000000e+00
0.000000000000000000e+00
0.000000000000000000e+00
0.000000000000000000e+00
