0.000000000000000000e+00
0.000000000000000000e+00
0.000000000000000000e+00
0.000000000000000000e+00
0.000000000000000000e+00
0.000000000000000000e+00
0.000000000000000000e+00
0.000000000000000000e+00
0.000000000000000000e+00
0.000000000000000000e+00
0.000000000000000000e+00
0.000000000000000000e+00
0.000000000000000000e+00
0.000000000000000000e+00
0.000000000000000000e+00
0.000000000000000000e+00
0.000000000000000000e+00
0.000000000000000000e+00
0.000000000000000000e+00
0.000000000000000000e+00
0.000000000000000000e+00
0.000000000000000000e+00
0.000000000000000000e+00
0.000000000000000000e+00
0.000000000000000000e+00
0.000000000000000000e+00
0.000000000000000000e+00
0.000000000000000000e+00
0.000000000000000000e+00
0.000000000000000000e+00
0.000000000000000000e+00
0.000000000000000000e+00
0.000000000000000000e+00
0.000000000000000000e+00
0.000000000000000000e+00
0.000000000000000000e+00
0.000000000000000000e+00
0.000000000000000000e+00
0.000000000000000000e+00
0.000000000000000000e+00
0.000000000000000000e+00
0.000000000000000000e+00
0.000000000000000000e+00
0.000000000000000000e+00
0.000000000000000000e+00
0.000000000000000000e+00
0.000000000000000000e+00
0.000000000000000000e+00
0.000000000000000000e+00
0.000000000000000000e+00
0.000000000000000000e+00
0.000000000000000000e+00
0.000000000000000000e+00
0.000000000000000000e+00
0.000000000000000000e+00
0.000000000000000000e+00
0.000000000000000000e+00
0.000000000000000000e+00
0.000000000000000000e+00
0.000000000000000000e+00
0.000000000000000000e+00
0.000000000000000000e+00
0.000000000000000000e+00
0.000000000000000000e+00
0.000000000000000000e+00
0.000000000000000000e+00
0.000000000000000000e+00
0.000000000000000000e+00
0.000000000000000000e+00
0.000000000000000000e+00
0.000000000000000000e+00
0.000000000000000000e+00
0.000000000000000000e+00
0.000000000000000000e+00
0.000000000000000000e+00
0.000000000000000000e+00
0.000000000000000000e+00
0.000000000000000000e+00
0.000000000000000000e+00
0.000000000000000000e+00
0.000000000000000000e+00
0.000000000000000000e+00
0.000000000000000000e+00
0.000000000000000000e+00
0.000000000000000000e+00
0.000000000000000000e+00
0.000000000000000000e+00
0.000000000000000000e+00
0.000000000000000000e+00
0.000000000000000000e+00
0.000000000000000000e+00
0.000000000000000000e+00
0.000000000000000000e+00
0.000000000000000000e+00
0.000000000000000000e+00
0.000000000000000000e+00
0.000000000000000000e+00
0.000000000000000000e+00
0.000000000000000000e+00
0.000000000000000000e+00
0.000000000000000000e+00
0.000000000000000000e+00
0.000000000000000000e+00
0.000000000000000000e+00
0.000000000000000000e+00
0.000000000000000000e+00
0.000000000000000000e+00
0.000000000000000000e+00
0.000000000000000000e+00
0.000000000000000000e+00
0.000000000000000000e+00
0.000000000000000000e+00
0.000000000000000000e+00
0.000000000000000000e+00
0.000000000000000000e+00
0.000000000000000000e+00
0.000000000000000000e+00
0.000000000000000000e+00
0.000000000000000000e+00
0.000000000000000000e+00
0.000000000000000000e+00
0.000000000000000000e+00
0.000000000000000000e+00
0.000000000000000000e+00
0.000000000000000000e+00
0.000000000000000000e+00
0.000000000000000000e+00
0.000000000000000000e+00
0.000000000000000000e+00
0.000000000000000000e+00
0.000000000000000000e+00
0.000000000000000000e+00
0.000000000000000000e+00
0.000000000000000000e+00
0.000000000000000000e+00
0.000000000000000000e+00
0.000000000000000000e+00
0.000000000000000000e+00
0.000000000000000000e+00
0.000000000000000000e+00
0.000000000000000000e+00
0.000000000000000000e+00
0.000000000000000000e+00
0.000000000000000000e+00
0.000000000000000000e+00
0.000000000000000000e+00
0.000000000000000000e+00
0.000000000000000000e+00
0.000000000000000000e+00
0.000000000000000000e+00
0.000000000000000000e+00
0.000000000000000000e+00
0.000000000000000000e+00
0.000000000000000000e+00
0.000000000000000000e+00
0.000000000000000000e+00
0.000000000000000000e+00
0.000000000000000000e+00
0.000000000000000000e+00
0.000000000000000000e+00
0.000000000000000000e+00
0.000000000000000000e+00
0.000000000000000000e+00
0.000000000000000000e+00
0.000000000000000000e+00
0.000000000000000000e+00
0.000000000000000000e+00
0.000000000000000000e+00
0.000000000000000000e+00
0.000000000000000000e+00
0.000000000000000000e+00
0.000000000000000000e+00
0.000000000000000000e+00
0.000000000000000000e+00
0.000000000000000000e+00
0.000000000000000000e+00
0.000000000000000000e+00
0.000000000000000000e+00
0.000000000000000000e+00
0.000000000000000000e+00
1.034934666677145287e-05
1.033054923027520999e-05
1.035134573612594977e-05
0.000000000000000000e+00
1.033750777423847467e-05
2.062865678453817964e-05
3.094933344982564449e-05
2.050397597486153245e-05
2.063458487100433558e-05
3.075611311942338943e-05
2.056927405647002161e-05
7.202119741123169661e-05
9.272554598283022642e-05
7.198864477686583996e-05
1.236221578437834978e-04
1.337473513558506966e-04
2.062549901893362403e-04
2.265142538817599416e-04
1.134972699219360948e-04
1.858028554124757648e-04
1.638047979213297367e-04
3.188841801602393389e-04
3.189365088474005461e-04
3.695731575135141611e-04
5.140250432305037975e-04
5.647558718919754028e-04
6.986902444623410702e-04
7.909114356152713299e-04
6.169542321003973484e-04
9.246249101124703884e-04
1.028291764669120312e-03
1.378919114358723164e-03
1.480052014812827110e-03
1.502576051279902458e-03
1.914146938361227512e-03
1.987555064260959625e-03
2.307868329808115959e-03
2.575540915131568909e-03
2.883014036342501640e-03
2.944475971162319183e-03
3.460645675659179688e-03
3.275470342487096786e-03
3.710094373673200607e-03
3.625700483098626137e-03
3.410408506169915199e-03
3.109804587438702583e-03
2.779999282211065292e-03
2.152230124920606613e-03
2.582821762189269066e-03
1.893232343718409538e-03
1.698141219094395638e-03
1.554201822727918625e-03
1.222292892634868622e-03
1.410558936186134815e-03
1.184151507914066315e-03
1.379178138449788094e-03
1.358496840111911297e-03
9.576854645274579525e-04
1.008732127957046032e-03
8.145079482346773148e-04
7.503624656237661839e-04
5.646739737130701542e-04
5.134249804541468620e-04
3.913803666364401579e-04
3.497895668260753155e-04
2.669598616193979979e-04
2.572156954556703568e-04
1.546453859191387892e-04
2.062941202893853188e-04
1.133191544795408845e-04
1.234679803019389510e-04
1.855903101386502385e-04
2.365616528550162911e-04
3.599921183194965124e-04
4.221129929646849632e-04
4.929870483465492725e-04
6.685333210043609142e-04
7.505916291847825050e-04
7.704943418502807617e-04
7.301417062990367413e-04
7.805708446539938450e-04
8.740694611333310604e-04
1.007850747555494308e-03
1.503419596701860428e-03
1.656359527260065079e-03
1.741128973662853241e-03
2.265605377033352852e-03
2.059056656435132027e-03
2.584777306765317917e-03
2.624323358759284019e-03
2.791035920381546021e-03
2.984389197081327438e-03
2.926148241385817528e-03
3.028411418199539185e-03
2.905876608565449715e-03
2.901602536439895630e-03
2.627866342663764954e-03
2.635683631524443626e-03
2.141421660780906677e-03
1.784019288606941700e-03
1.576647977344691753e-03
1.113563426770269871e-03
1.133614568971097469e-03
9.267717250622808933e-04
8.638744475319981575e-04
8.020034874789416790e-04
6.990486290305852890e-04
8.226056233979761600e-04
7.099315407685935497e-04
7.692388026043772697e-04
6.776186055503785610e-04
7.910009589977562428e-04
7.709998753853142262e-04
5.853897891938686371e-04
5.560531863011419773e-04
4.510919970925897360e-04
4.517205816227942705e-04
4.917322658002376556e-04
4.418992903083562851e-04
3.801007987931370735e-04
4.312712408136576414e-04
4.518112400546669960e-04
4.099904908798635006e-04
4.119128279853612185e-04
5.344021483324468136e-04
3.402963920962065458e-04
3.494549018796533346e-04
3.914900880772620440e-04
3.086368378717452288e-04
2.676657459232956171e-04
2.883345005102455616e-04
3.695978084579110146e-04
1.954509352799504995e-04
3.384918381925672293e-04
1.748368085827678442e-04
2.273364952998235822e-04
1.336133718723431230e-04
1.856739836512133479e-04
1.758501311996951699e-04
1.759744918672367930e-04
1.863372308434918523e-04
1.552874164190143347e-04
1.651184575166553259e-04
2.590549702290445566e-04
1.757591817295178771e-04
9.318802040070295334e-05
1.657540706219151616e-04
7.254238153109326959e-05
5.164600952412001789e-05
8.273898856714367867e-05
1.043376869347412139e-05
3.085988282691687346e-05
2.063679676211904734e-05
1.037115998769877478e-05
1.024798802973236889e-05
3.097843364230357111e-05
0.000000000000000000e+00
0.000000000000000000e+00
0.000000000000000000e+00
0.000000000000000000e+00
0.000000000000000000e+00
0.000000000000000000e+00
0.000000000000000000e+00
0.000000000000000000e+00
0.000000000000000000e+00
0.000000000000000000e+00
0.000000000000000000e+00
0.000000000000000000e+00
0.000000000000000000e+00
0.000000000000000000e+00
0.000000000000000000e+00
0.000000000000000000e+00
0.000000000000000000e+00
0.000000000000000000e+00
0.000000000000000000e+00
0.000000000000000000e+00
0.000000000000000000e+00
0.000000000000000000e+00
0.000000000000000000e+00
0.000000000000000000e+00
0.000000000000000000e+00
0.000000000000000000e+00
0.000000000000000000e+00
0.000000000000000000e+00
0.000000000000000000e+00
0.000000000000000000e+00
0.000000000000000000e+00
0.000000000000000000e+00
0.000000000000000000e+00
0.000000000000000000e+00
0.000000000000000000e+00
0.000000000000000000e+00
0.000000000000000000e+00
0.000000000000000000e+00
0.000000000000000000e+00
0.000000000000000000e+00
0.000000000000000000e+00
0.000000000000000000e+00
0.000000000000000000e+00
0.000000000000000000e+00
0.000000000000000000e+00
0.000000000000000000e+00
0.000000000000000000e+00
0.000000000000000000e+00
0.000000000000000000e+00
0.000000000000000000e+00
0.000000000000000000e+00
0.000000000000000000e+00
0.000000000000000000e+00
0.000000000000000000e+00
0.000000000000000000e+00
0.000000000000000000e+00
0.000000000000000000e+00
0.000000000000000000e+00
0.000000000000000000e+00
0.000000000000000000e+00
0.000000000000000000e+00
0.000000000000000000e+00
0.000000000000000000e+00
0.000000000000000000e+00
0.000000000000000000e+00
0.000000000000000000e+00
0.000000000000000000e+00
0.000000000000000000e+00
0.000000000000000000e+00
0.000000000000000000e+00
0.000000000000000000e+00
0.000000000000000000e+00
0.000000000000000000e+00
0.000000000000000000e+00
0.000000000000000000e+00
0.000000000000000000e+00
0.000000000000000000e+00
0.000000000000000000e+00
0.000000000000000000e+00
0.000000000000000000e+00
0.000000000000000000e+00
0.000000000000000000e+00
0.000000000000000000e+00
0.000000000000000000e+00
0.000000000000000000e+00
0.000000000000000000e+00
0.000000000000000000e+00
0.000000000000000000e+00
0.000000000000000000e+00
0.000000000000000000e+00
0.000000000000000000e+00
0.000000000000000000e+00
0.000000000000000000e+00
0.000000000000000000e+00
0.000000000000000000e+00
0.000000000000000000e+00
0.000000000000000000e+00
0.000000000000000000e+00
0.000000000000000000e+00
0.000000000000000000e+00
0.000000000000000000e+00
0.000000000000000000e+00
0.000000000000000000e+00
0.000000000000000000e+00
0.000000000000000000e+00
0.000000000000000000e+00
0.000000000000000000e+00
0.000000000000000000e+00
0.000000000000000000e+00
0.000000000000000000e+00
0.000000000000000000e+00
0.000000000000000000e+00
0.000000000000000000e+00
0.000000000000000000e+00
0.000000000000000000e+00
0.000000000000000000e+00
0.000000000000000000e+00
0.000000000000000000e+00
0.000000000000000000e+00
0.000000000000000000e+00
0.000000000000000000e+00
0.000000000000000000e+00
0.000000000000000000e+00
0.000000000000000000e+00
0.000000000000000000e+00
0.000000000000000000e+00
0.000000000000000000e+00
0.000000000000000000e+00
0.000000000000000000e+00
0.000000000000000000e+00
0.000000000000000000e+00
0.000000000000000000e+00
0.000000000000000000e+00
0.000000000000000000e+00
0.000000000000000000e+00
0.000000000000000000e+00
0.000000000000000000e+00
0.000000000000000000e+00
0.000000000000000000e+00
0.000000000000000000e+00
0.000000000000000000e+00
0.000000000000000000e+00
0.000000000000000000e+00
0.000000000000000000e+00
0.000000000000000000e+00
0.000000000000000000e+00
0.000000000000000000e+00
0.000000000000000000e+00
0.000000000000000000e+00
0.000000000000000000e+00
0.000000000000000000e+00
0.000000000000000000e+00
0.000000000000000000e+00
0.000000000000000000e+00
0.000000000000000000e+00
0.000000000000000000e+00
0.000000000000000000e+00
0.000000000000000000e+00
0.000000000000000000e+00
0.000000000000000000e+00
0.000000000000000000e+00
0.000000000000000000e+00
0.000000000000000000e+00
0.000000000000000000e+00
