0.000000000000000000e+00
0.000000000000000000e+00
0.000000000000000000e+00
0.000000000000000000e+00
0.000000000000000000e+00
0.000000000000000000e+00
0.000000000000000000e+00
0.000000000000000000e+00
0.000000000000000000e+00
0.000000000000000000e+00
0.000000000000000000e+00
0.000000000000000000e+00
0.000000000000000000e+00
0.000000000000000000e+00
0.000000000000000000e+00
0.000000000000000000e+00
0.000000000000000000e+00
0.000000000000000000e+00
0.000000000000000000e+00
0.000000000000000000e+00
0.000000000000000000e+00
0.000000000000000000e+00
0.000000000000000000e+00
0.000000000000000000e+00
0.000000000000000000e+00
0.000000000000000000e+00
0.000000000000000000e+00
0.000000000000000000e+00
0.000000000000000000e+00
0.000000000000000000e+00
0.000000000000000000e+00
0.000000000000000000e+00
0.000000000000000000e+00
0.000000000000000000e+00
0.000000000000000000e+00
0.000000000000000000e+00
0.000000000000000000e+00
0.000000000000000000e+00
0.000000000000000000e+00
0.000000000000000000e+00
0.000000000000000000e+00
0.000000000000000000e+00
0.000000000000000000e+00
0.000000000000000000e+00
0.000000000000000000e+00
0.000000000000000000e+00
0.000000000000000000e+00
0.000000000000000000e+00
0.000000000000000000e+00
0.000000000000000000e+00
0.000000000000000000e+00
0.000000000000000000e+00
0.000000000000000000e+00
0.000000000000000000e+00
0.000000000000000000e+00
0.000000000000000000e+00
0.000000000000000000e+00
0.000000000000000000e+00
0.000000000000000000e+00
0.000000000000000000e+00
0.000000000000000000e+00
0.000000000000000000e+00
0.000000000000000000e+00
0.000000000000000000e+00
0.000000000000000000e+00
0.000000000000000000e+00
0.000000000000000000e+00
0.000000000000000000e+00
0.000000000000000000e+00
0.000000000000000000e+00
0.000000000000000000e+00
0.000000000000000000e+00
0.000000000000000000e+00
0.000000000000000000e+00
0.000000000000000000e+00
0.000000000000000000e+00
0.000000000000000000e+00
0.000000000000000000e+00
0.000000000000000000e+00
0.000000000000000000e+00
0.000000000000000000e+00
0.000000000000000000e+00
0.000000000000000000e+00
0.000000000000000000e+00
0.000000000000000000e+00
0.000000000000000000e+00
0.000000000000000000e+00
0.000000000000000000e+00
0.000000000000000000e+00
0.000000000000000000e+00
0.000000000000000000e+00
0.000000000000000000e+00
0.000000000000000000e+00
0.000000000000000000e+00
0.000000000000000000e+00
0.000000000000000000e+00
0.000000000000000000e+00
0.000000000000000000e+00
0.000000000000000000e+00
0.000000000000000000e+00
0.000000000000000000e+00
0.000000000000000000e+00
0.000000000000000000e+00
0.000000000000000000e+00
0.000000000000000000e+00
0.000000000000000000e+00
0.000000000000000000e+00
0.000000000000000000e+00
0.000000000000000000e+00
0.000000000000000000e+00
0.000000000000000000e+00
0.000000000000000000e+00
0.000000000000000000e+00
0.000000000000000000e+00
0.000000000000000000e+00
0.000000000000000000e+00
0.000000000000000000e+00
0.000000000000000000e+00
0.000000000000000000e+00
0.000000000000000000e+00
0.000000000000000000e+00
0.000000000000000000e+00
0.000000000000000000e+00
0.000000000000000000e+00
0.000000000000000000e+00
0.000000000000000000e+00
0.000000000000000000e+00
0.000000000000000000e+00
0.000000000000000000e+00
0.000000000000000000e+00
0.000000000000000000e+00
0.000000000000000000e+00
0.000000000000000000e+00
0.000000000000000000e+00
0.000000000000000000e+00
0.000000000000000000e+00
0.000000000000000000e+00
0.000000000000000000e+00
0.000000000000000000e+00
0.000000000000000000e+00
0.000000000000000000e+00
0.000000000000000000e+00
0.000000000000000000e+00
0.000000000000000000e+00
0.000000000000000000e+00
0.000000000000000000e+00
0.000000000000000000e+00
0.000000000000000000e+00
0.000000000000000000e+00
0.000000000000000000e+00
0.000000000000000000e+00
0.000000000000000000e+00
0.000000000000000000e+00
0.000000000000000000e+00
0.000000000000000000e+00
0.000000000000000000e+00
0.000000000000000000e+00
0.000000000000000000e+00
0.000000000000000000e+00
0.000000000000000000e+00
0.000000000000000000e+00
0.000000000000000000e+00
0.000000000000000000e+00
0.000000000000000000e+00
0.000000000000000000e+00
0.000000000000000000e+00
0.000000000000000000e+00
0.000000000000000000e+00
0.000000000000000000e+00
0.000000000000000000e+00
0.000000000000000000e+00
0.000000000000000000e+00
0.000000000000000000e+00
0.000000000000000000e+00
0.000000000000000000e+00
0.000000000000000000e+00
0.000000000000000000e+00
0.000000000000000000e+00
0.000000000000000000e+00
0.000000000000000000e+00
0.000000000000000000e+00
0.000000000000000000e+00
0.000000000000000000e+00
0.000000000000000000e+00
0.000000000000000000e+00
1.724891035337350331e-06
0.000000000000000000e+00
3.446982645982643589e-06
0.000000000000000000e+00
3.439484999034903012e-06
3.412878186281886883e-06
6.879132342874072492e-06
3.444180720180156641e-06
0.000000000000000000e+00
6.856498202978400514e-06
1.024785979097941890e-05
2.407457941444590688e-05
2.405003942840266973e-05
1.375169813400134444e-05
2.056730045296717435e-05
2.571501318016089499e-05
3.421884321141988039e-05
4.450599226402118802e-05
6.671797746093943715e-05
5.461626642500050366e-05
4.961288141203112900e-05
6.336286605801433325e-05
8.741878264117985964e-05
1.044770106091164052e-04
7.539662328781560063e-05
1.782940380508080125e-04
1.491068105679005384e-04
1.663377188378944993e-04
1.954816689249128103e-04
2.109183114953339100e-04
2.505918382667005062e-04
2.607867936603724957e-04
3.260580124333500862e-04
3.449241048656404018e-04
3.894477558787912130e-04
4.069082497153431177e-04
4.808673693332821131e-04
4.208008467685431242e-04
4.960356163792312145e-04
4.753260000143200159e-04
5.355151370167732239e-04
6.105605280026793480e-04
4.942968953400850296e-04
4.652770585380494595e-04
4.532103193923830986e-04
4.016834427602589130e-04
3.654303727671504021e-04
3.433038073126226664e-04
3.309085441287606955e-04
2.624786575324833393e-04
2.761622890830039978e-04
2.007788425544276834e-04
2.175988047383725643e-04
2.281572087667882442e-04
1.991645112866535783e-04
2.111096400767564774e-04
1.939174399012699723e-04
1.801863108994439244e-04
1.748186186887323856e-04
1.355584099655970931e-04
1.460130879422649741e-04
9.430807403987273574e-05
1.352718390990048647e-04
8.228010847233235836e-05
8.573718514526262879e-05
1.216855453094467521e-04
1.197655656142160296e-04
1.454179437132552266e-04
1.199591206386685371e-04
1.268579508177936077e-04
9.938629955286160111e-05
1.390533143421635032e-04
1.767341018421575427e-04
2.161294687539339066e-04
2.419379015918821096e-04
3.194109303876757622e-04
3.204300883226096630e-04
4.082473169546574354e-04
3.962659975513815880e-04
4.667676694225519896e-04
4.257325490470975637e-04
4.552913596853613853e-04
4.535196931101381779e-04
4.876769962720572948e-04
4.275469109416007996e-04
3.999967884737998247e-04
4.327716596890240908e-04
4.083139065187424421e-04
3.654895117506384850e-04
3.172996803186833858e-04
2.744460944086313248e-04
2.590739459265023470e-04
2.127938350895419717e-04
2.111973299179226160e-04
1.594561617821455002e-04
1.628262980375438929e-04
1.198727550217881799e-04
1.336456043645739555e-04
1.063077797880396247e-04
1.234912633663043380e-04
1.181116531370207667e-04
1.303299068240448833e-04
1.318766881013289094e-04
1.180242397822439671e-04
9.413703082827851176e-05
8.395843178732320666e-05
7.013322465354576707e-05
6.666692206636071205e-05
8.386342233279719949e-05
6.149450928205624223e-05
5.822342791361734271e-05
6.504105840576812625e-05
4.797231304110027850e-05
6.504035263787955046e-05
8.393695316044613719e-05
7.016328891040757298e-05
5.487993621500208974e-05
7.554914918728172779e-05
5.489963950822129846e-05
5.831555245094932616e-05
8.072288619587197900e-05
4.963971878169104457e-05
4.618820457835681736e-05
5.471844997373409569e-05
4.788464138982817531e-05
4.291153527447022498e-05
2.921753366535995156e-05
2.400340963504277170e-05
2.401856727374251932e-05
3.089813253609463573e-05
4.810493192053399980e-05
3.613489388953894377e-05
2.071217750199139118e-05
2.419356860627885908e-05
2.072966708510648459e-05
1.902250005514360964e-05
1.901247014757245779e-05
3.624097371357493103e-05
1.038589107338339090e-05
2.066113847831729800e-05
1.198250265588285401e-05
6.890691565786255524e-06
1.382358550472417846e-05
1.204631007567513734e-05
1.029062696034088731e-05
1.032455384120112285e-05
3.456488684605574235e-06
5.165219135960796848e-06
1.728526626720849890e-06
1.707997967059782241e-06
1.712261905595369171e-06
3.444432195465196855e-06
0.000000000000000000e+00
0.000000000000000000e+00
0.000000000000000000e+00
0.000000000000000000e+00
0.000000000000000000e+00
0.000000000000000000e+00
0.000000000000000000e+00
0.000000000000000000e+00
0.000000000000000000e+00
0.000000000000000000e+00
0.000000000000000000e+00
0.000000000000000000e+00
0.000000000000000000e+00
0.000000000000000000e+00
0.000000000000000000e+00
0.000000000000000000e+00
0.000000000000000000e+00
0.000000000000000000e+00
0.000000000000000000e+00
0.000000000000000000e+00
0.000000000000000000e+00
0.000000000000000000e+00
0.000000000000000000e+00
0.000000000000000000e+00
0.000000000000000000e+00
0.000000000000000000e+00
0.000000000000000000e+00
0.000000000000000000e+00
0.000000000000000000e+00
0.000000000000000000e+00
0.000000000000000000e+00
0.000000000000000000e+00
0.000000000000000000e+00
0.000000000000000000e+00
0.000000000000000000e+00
0.000000000000000000e+00
0.000000000000000000e+00
0.000000000000000000e+00
0.000000000000000000e+00
0.000000000000000000e+00
0.000000000000000000e+00
0.000000000000000000e+00
0.000000000000000000e+00
0.000000000000000000e+00
0.000000000000000000e+00
0.000000000000000000e+00
0.000000000000000000e+00
0.000000000000000000e+00
0.000000000000000000e+00
0.000000000000000000e+00
0.000000000000000000e+00
0.000000000000000000e+00
0.000000000000000000e+00
0.000000000000000000e+00
0.000000000000000000e+00
0.000000000000000000e+00
0.000000000000000000e+00
0.000000000000000000e+00
0.000000000000000000e+00
0.000000000000000000e+00
0.000000000000000000e+00
0.000000000000000000e+00
0.000000000000000000e+00
0.000000000000000000e+00
0.000000000000000000e+00
0.000000000000000000e+00
0.000000000000000000e+00
0.000000000000000000e+00
0.000000000000000000e+00
0.000000000000000000e+00
0.000000000000000000e+00
0.000000000000000000e+00
0.000000000000000000e+00
0.000000000000000000e+00
0.000000000000000000e+00
0.000000000000000000e+00
0.000000000000000000e+00
0.000000000000000000e+00
0.000000000000000000e+00
0.000000000000000000e+00
0.000000000000000000e+00
0.000000000000000000e+00
0.000000000000000000e+00
0.000000000000000000e+00
0.000000000000000000e+00
0.000000000000000000e+00
0.000000000000000000e+00
0.000000000000000000e+00
0.000000000000000000e+00
0.000000000000000000e+00
0.000000000000000000e+00
0.000000000000000000e+00
0.000000000000000000e+00
0.000000000000000000e+00
0.000000000000000000e+00
0.000000000000000000e+00
0.000000000000000000e+00
0.000000000000000000e+00
0.000000000000000000e+00
0.000000000000000000e+00
0.000000000000000000e+00
0.000000000000000000e+00
0.000000000000000000e+00
0.000000000000000000e+00
0.000000000000000000e+00
0.000000000000000000e+00
0.000000000000000000e+00
0.000000000000000000e+00
0.000000000000000000e+00
0.000000000000000000e+00
0.000000000000000000e+00
0.000000000000000000e+00
0.000000000000000000e+00
0.000000000000000000e+00
0.000000000000000000e+00
0.000000000000000000e+00
0.000000000000000000e+00
0.000000000000000000e+00
0.000000000000000000e+00
0.000000000000000000e+00
0.000000000000000000e+00
0.000000000000000000e+00
0.000000000000000000e+00
0.000000000000000000e+00
0.000000000000000000e+00
0.000000000000000000e+00
0.000000000000000000e+00
0.000000000000000000e+00
0.000000000000000000e+00
0.000000000000000000e+00
0.000000000000000000e+00
0.000000000000000000e+00
0.000000000000000000e+00
0.000000000000000000e+00
0.000000000000000000e+00
0.000000000000000000e+00
0.000000000000000000e+00
0.000000000000000000e+00
0.000000000000000000e+00
0.000000000000000000e+00
0.000000000000000000e+00
0.000000000000000000e+00
0.000000000000000000e+00
0.000000000000000000e+00
0.000000000000000000e+00
0.000000000000000000e+00
0.000000000000000000e+00
0.000000000000000000e+00
0.000000000000000000e+00
0.000000000000000000e+00
0.000000000000000000e+00
0.000000000000000000e+00
0.000000000000000000e+00
0.000000000000000000e+00
0.000000000000000000e+00
0.000000000000000000e+00
0.000000000000000000e+00
0.000000000000000000e+00
0.000000000000000000e+00
0.000000000000000000e+00
0.000000000000000000e+00
0.000000000000000000e+00
0.000000000000000000e+00
