0.000000000000000000e+00
0.000000000000000000e+00
0.000000000000000000e+00
0.000000000000000000e+00
0.000000000000000000e+00
0.000000000000000000e+00
0.000000000000000000e+00
0.000000000000000000e+00
0.000000000000000000e+00
0.000000000000000000e+00
0.000000000000000000e+00
0.000000000000000000e+00
0.000000000000000000e+00
0.000000000000000000e+00
0.000000000000000000e+00
0.000000000000000000e+00
0.000000000000000000e+00
0.000000000000000000e+00
0.000000000000000000e+00
0.000000000000000000e+00
0.000000000000000000e+00
0.000000000000000000e+00
0.000000000000000000e+00
0.000000000000000000e+00
0.000000000000000000e+00
0.000000000000000000e+00
0.000000000000000000e+00
0.000000000000000000e+00
0.000000000000000000e+00
0.000000000000000000e+00
0.000000000000000000e+00
0.000000000000000000e+00
0.000000000000000000e+00
0.000000000000000000e+00
0.000000000000000000e+00
0.000000000000000000e+00
0.000000000000000000e+00
0.000000000000000000e+00
0.000000000000000000e+00
0.000000000000000000e+00
0.000000000000000000e+00
0.000000000000000000e+00
0.000000000000000000e+00
0.000000000000000000e+00
0.000000000000000000e+00
0.000000000000000000e+00
0.000000000000000000e+00
0.000000000000000000e+00
0.000000000000000000e+00
0.000000000000000000e+00
0.000000000000000000e+00
0.000000000000000000e+00
0.000000000000000000e+00
0.000000000000000000e+00
0.000000000000000000e+00
0.000000000000000000e+00
0.000000000000000000e+00
0.000000000000000000e+00
0.000000000000000000e+00
0.000000000000000000e+00
0.000000000000000000e+00
0.000000000000000000e+00
0.000000000000000000e+00
0.000000000000000000e+00
0.000000000000000000e+00
0.000000000000000000e+00
0.000000000000000000e+00
0.000000000000000000e+00
0.000000000000000000e+00
0.000000000000000000e+00
0.000000000000000000e+00
0.000000000000000000e+00
0.000000000000000000e+00
0.000000000000000000e+00
0.000000000000000000e+00
0.000000000000000000e+00
0.000000000000000000e+00
0.000000000000000000e+00
0.000000000000000000e+00
0.000000000000000000e+00
0.000000000000000000e+00
0.000000000000000000e+00
0.000000000000000000e+00
0.000000000000000000e+00
0.000000000000000000e+00
0.000000000000000000e+00
0.000000000000000000e+00
0.000000000000000000e+00
0.000000000000000000e+00
0.000000000000000000e+00
0.000000000000000000e+00
0.000000000000000000e+00
0.000000000000000000e+00
0.000000000000000000e+00
0.000000000000000000e+00
0.000000000000000000e+00
0.000000000000000000e+00
0.000000000000000000e+00
0.000000000000000000e+00
0.000000000000000000e+00
0.000000000000000000e+00
0.000000000000000000e+00
0.000000000000000000e+00
0.000000000000000000e+00
0.000000000000000000e+00
0.000000000000000000e+00
0.000000000000000000e+00
0.000000000000000000e+00
0.000000000000000000e+00
0.000000000000000000e+00
0.000000000000000000e+00
0.000000000000000000e+00
0.000000000000000000e+00
0.000000000000000000e+00
0.000000000000000000e+00
0.000000000000000000e+00
0.000000000000000000e+00
0.000000000000000000e+00
0.000000000000000000e+00
0.000000000000000000e+00
0.000000000000000000e+00
0.000000000000000000e+00
0.000000000000000000e+00
0.000000000000000000e+00
0.000000000000000000e+00
0.000000000000000000e+00
0.000000000000000000e+00
0.000000000000000000e+00
0.000000000000000000e+00
0.000000000000000000e+00
0.000000000000000000e+00
0.000000000000000000e+00
0.000000000000000000e+00
0.000000000000000000e+00
0.000000000000000000e+00
0.000000000000000000e+00
0.000000000000000000e+00
0.000000000000000000e+00
0.000000000000000000e+00
0.000000000000000000e+00
0.000000000000000000e+00
0.000000000000000000e+00
0.000000000000000000e+00
0.000000000000000000e+00
0.000000000000000000e+00
0.000000000000000000e+00
0.000000000000000000e+00
0.000000000000000000e+00
0.000000000000000000e+00
0.000000000000000000e+00
0.000000000000000000e+00
0.000000000000000000e+00
0.000000000000000000e+00
0.000000000000000000e+00
0.000000000000000000e+00
0.000000000000000000e+00
0.000000000000000000e+00
0.000000000000000000e+00
0.000000000000000000e+00
0.000000000000000000e+00
0.000000000000000000e+00
0.000000000000000000e+00
0.000000000000000000e+00
0.000000000000000000e+00
0.000000000000000000e+00
0.000000000000000000e+00
0.000000000000000000e+00
0.000000000000000000e+00
0.000000000000000000e+00
0.000000000000000000e+00
0.000000000000000000e+00
0.000000000000000000e+00
0.000000000000000000e+00
0.000000000000000000e+00
0.000000000000000000e+00
0.000000000000000000e+00
0.000000000000000000e+00
0.000000000000000000e+00
0.000000000000000000e+00
0.000000000000000000e+00
0.000000000000000000e+00
0.000000000000000000e+00
0.000000000000000000e+00
0.000000000000000000e+00
0.000000000000000000e+00
1.034934666677145287e-05
0.000000000000000000e+00
2.068189496640115976e-05
0.000000000000000000e+00
2.063691135845147073e-05
2.047726957243867218e-05
4.127479405724443495e-05
2.066508568532299250e-05
0.000000000000000000e+00
4.113899194635450840e-05
6.148716056486591697e-05
1.444474764866754413e-04
1.443002402083948255e-04
8.251018880400806665e-05
1.234038063557818532e-04
1.542900863569229841e-04
2.053130592685192823e-04
2.670359681360423565e-04
4.003078211098909378e-04
3.276975767221301794e-04
2.976772666443139315e-04
3.801771963480859995e-04
5.245126667432487011e-04
6.268620491027832031e-04
4.523796960711479187e-04
1.069764140993356705e-03
8.946409216150641441e-04
9.980262257158756256e-04
1.172890071757137775e-03
1.265509868972003460e-03
1.503551029600203037e-03
1.564720878377556801e-03
1.956347841769456863e-03
2.069544279947876930e-03
2.336686709895730019e-03
2.441449323669075966e-03
2.885204041376709938e-03
2.524805022403597832e-03
2.976213581860065460e-03
2.851955825462937355e-03
3.213090822100639343e-03
3.663363168016076088e-03
2.965781139209866524e-03
2.791662234812974930e-03
2.719261916354298592e-03
2.410100772976875305e-03
2.192582469433546066e-03
2.059822902083396912e-03
1.985451206564903259e-03
1.574871945194900036e-03
1.656973850913345814e-03
1.204673084430396557e-03
1.305592944845557213e-03
1.368943252600729465e-03
1.194987096823751926e-03
1.266657840460538864e-03
1.163504552096128464e-03
1.081117894500494003e-03
1.048911712132394314e-03
8.133504306897521019e-04
8.760784985497593880e-04
5.658484296873211861e-04
8.116309763863682747e-04
4.936806508339941502e-04
5.144231254234910011e-04
7.301132427528500557e-04
7.185933645814657211e-04
8.725076913833618164e-04
7.197547820396721363e-04
7.611477631144225597e-04
5.963177536614239216e-04
8.343199151568114758e-04
1.060404698364436626e-03
1.296776812523603439e-03
1.451627467758953571e-03
1.916465465910732746e-03
1.922580646350979805e-03
2.449483843520283699e-03
2.377595985308289528e-03
2.800605958327651024e-03
2.554395236074924469e-03
2.731748158112168312e-03
2.721118275076150894e-03
2.926062094047665596e-03
2.565281465649604797e-03
2.399980789050459862e-03
2.596630016341805458e-03
2.449883380904793739e-03
2.192937303334474564e-03
1.903798081912100315e-03
1.646676566451787949e-03
1.554443617351353168e-03
1.276763039641082287e-03
1.267184037715196609e-03
9.567369706928730011e-04
9.769578464329242706e-04
7.192365592345595360e-04
8.018736843951046467e-04
6.378467078320682049e-04
7.409475510939955711e-04
7.086698897182941437e-04
7.819794700480997562e-04
7.912600995041429996e-04
7.081454386934638023e-04
5.648221704177558422e-04
5.037505761720240116e-04
4.207993333693593740e-04
4.000015323981642723e-04
5.031804903410375118e-04
3.689670120365917683e-04
3.493405529297888279e-04
3.902463940903544426e-04
2.878338564187288284e-04
3.902420867234468460e-04
5.036217044107615948e-04
4.209797480143606663e-04
3.292796318419277668e-04
4.532948660198599100e-04
3.293978516012430191e-04
3.498933219816535711e-04
4.843373026233166456e-04
2.978383272420614958e-04
2.771292347460985184e-04
3.283107071183621883e-04
2.873078628908842802e-04
2.574692480266094208e-04
1.753052056301385164e-04
1.440204505342990160e-04
1.441114000044763088e-04
1.853887952165678144e-04
2.886295842472463846e-04
2.168093633372336626e-04
1.242730650119483471e-04
1.451614079996943474e-04
1.243779988726601005e-04
1.141350003308616579e-04
1.140748208854347467e-04
2.174458495574072003e-04
6.231534644030034542e-05
1.239668345078825951e-04
7.189501775428652763e-05
4.134414848522283137e-05
8.294151484733447433e-05
7.227785681607201695e-05
6.174376903800293803e-05
6.194732122821733356e-05
2.073893301712814718e-05
3.099131572525948286e-05
1.037115998769877478e-05
1.024798802973236889e-05
1.027357211569324136e-05
2.066659362753853202e-05
0.000000000000000000e+00
0.000000000000000000e+00
0.000000000000000000e+00
0.000000000000000000e+00
0.000000000000000000e+00
0.000000000000000000e+00
0.000000000000000000e+00
0.000000000000000000e+00
0.000000000000000000e+00
0.000000000000000000e+00
0.000000000000000000e+00
0.000000000000000000e+00
0.000000000000000000e+00
0.000000000000000000e+00
0.000000000000000000e+00
0.000000000000000000e+00
0.000000000000000000e+00
0.000000000000000000e+00
0.000000000000000000e+00
0.000000000000000000e+00
0.000000000000000000e+00
0.000000000000000000e+00
0.000000000000000000e+00
0.000000000000000000e+00
0.000000000000000000e+00
0.000000000000000000e+00
0.000000000000000000e+00
0.000000000000000000e+00
0.000000000000000000e+00
0.000000000000000000e+00
0.000000000000000000e+00
0.000000000000000000e+00
0.000000000000000000e+00
0.000000000000000000e+00
0.000000000000000000e+00
0.000000000000000000e+00
0.000000000000000000e+00
0.000000000000000000e+00
0.000000000000000000e+00
0.000000000000000000e+00
0.000000000000000000e+00
0.000000000000000000e+00
0.000000000000000000e+00
0.000000000000000000e+00
0.000000000000000000e+00
0.000000000000000000e+00
0.000000000000000000e+00
0.000000000000000000e+00
0.000000000000000000e+00
0.000000000000000000e+00
0.000000000000000000e+00
0.000000000000000000e+00
0.000000000000000000e+00
0.000000000000000000e+00
0.000000000000000000e+00
0.000000000000000000e+00
0.000000000000000000e+00
0.000000000000000000e+00
0.000000000000000000e+00
0.000000000000000000e+00
0.000000000000000000e+00
0.000000000000000000e+00
0.000000000000000000e+00
0.000000000000000000e+00
0.000000000000000000e+00
0.000000000000000000e+00
0.000000000000000000e+00
0.000000000000000000e+00
0.000000000000000000e+00
0.000000000000000000e+00
0.000000000000000000e+00
0.000000000000000000e+00
0.000000000000000000e+00
0.000000000000000000e+00
0.000000000000000000e+00
0.000000000000000000e+00
0.000000000000000000e+00
0.000000000000000000e+00
0.000000000000000000e+00
0.000000000000000000e+00
0.000000000000000000e+00
0.000000000000000000e+00
0.000000000000000000e+00
0.000000000000000000e+00
0.000000000000000000e+00
0.000000000000000000e+00
0.000000000000000000e+00
0.000000000000000000e+00
0.000000000000000000e+00
0.000000000000000000e+00
0.000000000000000000e+00
0.000000000000000000e+00
0.000000000000000000e+00
0.000000000000000000e+00
0.000000000000000000e+00
0.000000000000000000e+00
0.000000000000000000e+00
0.000000000000000000e+00
0.000000000000000000e+00
0.000000000000000000e+00
0.000000000000000000e+00
0.000000000000000000e+00
0.000000000000000000e+00
0.000000000000000000e+00
0.000000000000000000e+00
0.000000000000000000e+00
0.000000000000000000e+00
0.000000000000000000e+00
0.000000000000000000e+00
0.000000000000000000e+00
0.000000000000000000e+00
0.000000000000000000e+00
0.000000000000000000e+00
0.000000000000000000e+00
0.000000000000000000e+00
0.000000000000000000e+00
0.000000000000000000e+00
0.000000000000000000e+00
0.000000000000000000e+00
0.000000000000000000e+00
0.000000000000000000e+00
0.000000000000000000e+00
0.000000000000000000e+00
0.000000000000000000e+00
0.000000000000000000e+00
0.000000000000000000e+00
0.000000000000000000e+00
0.000000000000000000e+00
0.000000000000000000e+00
0.000000000000000000e+00
0.000000000000000000e+00
0.000000000000000000e+00
0.000000000000000000e+00
0.000000000000000000e+00
0.000000000000000000e+00
0.000000000000000000e+00
0.000000000000000000e+00
0.000000000000000000e+00
0.000000000000000000e+00
0.000000000000000000e+00
0.000000000000000000e+00
0.000000000000000000e+00
0.000000000000000000e+00
0.000000000000000000e+00
0.000000000000000000e+00
0.000000000000000000e+00
0.000000000000000000e+00
0.000000000000000000e+00
0.000000000000000000e+00
0.000000000000000000e+00
0.000000000000000000e+00
0.000000000000000000e+00
0.000000000000000000e+00
0.000000000000000000e+00
0.000000000000000000e+00
0.000000000000000000e+00
0.000000000000000000e+00
0.000000000000000000e+00
0.000000000000000000e+00
0.000000000000000000e+00
0.000000000000000000e+00
0.000000000000000000e+00
0.000000000000000000e+00
