0.000000000000000000e+00
0.000000000000000000e+00
0.000000000000000000e+00
0.000000000000000000e+00
0.000000000000000000e+00
0.000000000000000000e+00
0.000000000000000000e+00
0.000000000000000000e+00
0.000000000000000000e+00
0.000000000000000000e+00
0.000000000000000000e+00
0.000000000000000000e+00
0.000000000000000000e+00
0.000000000000000000e+00
0.000000000000000000e+00
0.000000000000000000e+00
0.000000000000000000e+00
0.000000000000000000e+00
0.000000000000000000e+00
0.000000000000000000e+00
0.000000000000000000e+00
0.000000000000000000e+00
0.000000000000000000e+00
0.000000000000000000e+00
0.000000000000000000e+00
0.000000000000000000e+00
0.000000000000000000e+00
0.000000000000000000e+00
0.000000000000000000e+00
0.000000000000000000e+00
0.000000000000000000e+00
0.000000000000000000e+00
0.000000000000000000e+00
0.000000000000000000e+00
0.000000000000000000e+00
0.000000000000000000e+00
0.000000000000000000e+00
0.000000000000000000e+00
0.000000000000000000e+00
0.000000000000000000e+00
0.000000000000000000e+00
0.000000000000000000e+00
0.000000000000000000e+00
0.000000000000000000e+00
0.000000000000000000e+00
0.000000000000000000e+00
0.000000000000000000e+00
0.000000000000000000e+00
0.000000000000000000e+00
0.000000000000000000e+00
0.000000000000000000e+00
0.000000000000000000e+00
0.000000000000000000e+00
0.000000000000000000e+00
0.000000000000000000e+00
0.000000000000000000e+00
0.000000000000000000e+00
0.000000000000000000e+00
0.000000000000000000e+00
0.000000000000000000e+00
0.000000000000000000e+00
0.000000000000000000e+00
0.000000000000000000e+00
0.000000000000000000e+00
0.000000000000000000e+00
0.000000000000000000e+00
0.000000000000000000e+00
0.000000000000000000e+00
0.000000000000000000e+00
0.000000000000000000e+00
0.000000000000000000e+00
0.000000000000000000e+00
0.000000000000000000e+00
0.000000000000000000e+00
0.000000000000000000e+00
0.000000000000000000e+00
0.000000000000000000e+00
0.000000000000000000e+00
0.000000000000000000e+00
0.000000000000000000e+00
0.000000000000000000e+00
0.000000000000000000e+00
0.000000000000000000e+00
0.000000000000000000e+00
0.000000000000000000e+00
0.000000000000000000e+00
0.000000000000000000e+00
0.000000000000000000e+00
0.000000000000000000e+00
0.000000000000000000e+00
0.000000000000000000e+00
0.000000000000000000e+00
0.000000000000000000e+00
0.000000000000000000e+00
0.000000000000000000e+00
0.000000000000000000e+00
0.000000000000000000e+00
0.000000000000000000e+00
0.000000000000000000e+00
0.000000000000000000e+00
0.000000000000000000e+00
0.000000000000000000e+00
0.000000000000000000e+00
0.000000000000000000e+00
0.000000000000000000e+00
0.000000000000000000e+00
0.000000000000000000e+00
0.000000000000000000e+00
0.000000000000000000e+00
0.000000000000000000e+00
0.000000000000000000e+00
0.000000000000000000e+00
0.000000000000000000e+00
0.000000000000000000e+00
0.000000000000000000e+00
0.000000000000000000e+00
0.000000000000000000e+00
0.000000000000000000e+00
0.000000000000000000e+00
0.000000000000000000e+00
0.000000000000000000e+00
0.000000000000000000e+00
0.000000000000000000e+00
0.000000000000000000e+00
0.000000000000000000e+00
0.000000000000000000e+00
0.000000000000000000e+00
0.000000000000000000e+00
0.000000000000000000e+00
0.000000000000000000e+00
0.000000000000000000e+00
0.000000000000000000e+00
0.000000000000000000e+00
0.000000000000000000e+00
0.000000000000000000e+00
0.000000000000000000e+00
0.000000000000000000e+00
0.000000000000000000e+00
0.000000000000000000e+00
0.000000000000000000e+00
0.000000000000000000e+00
0.000000000000000000e+00
0.000000000000000000e+00
0.000000000000000000e+00
0.000000000000000000e+00
0.000000000000000000e+00
0.000000000000000000e+00
0.000000000000000000e+00
0.000000000000000000e+00
0.000000000000000000e+00
0.000000000000000000e+00
0.000000000000000000e+00
0.000000000000000000e+00
0.000000000000000000e+00
0.000000000000000000e+00
0.000000000000000000e+00
0.000000000000000000e+00
0.000000000000000000e+00
0.000000000000000000e+00
0.000000000000000000e+00
0.000000000000000000e+00
0.000000000000000000e+00
0.000000000000000000e+00
0.000000000000000000e+00
0.000000000000000000e+00
0.000000000000000000e+00
0.000000000000000000e+00
0.000000000000000000e+00
0.000000000000000000e+00
0.000000000000000000e+00
0.000000000000000000e+00
0.000000000000000000e+00
0.000000000000000000e+00
0.000000000000000000e+00
0.000000000000000000e+00
0.000000000000000000e+00
0.000000000000000000e+00
1.027848975354572758e-05
2.073400719382334501e-05
0.000000000000000000e+00
2.065702574327588081e-05
2.055949880741536617e-05
3.088315861532464623e-05
0.000000000000000000e+00
2.061949635390192270e-05
4.123381586396135390e-05
3.098083834629505873e-05
2.057954225165303797e-05
1.027252710628090426e-05
2.058925565506797284e-05
2.060738370346371084e-05
3.092650149483233690e-05
3.103295239270664752e-05
3.091236430918797851e-05
6.192132423166185617e-05
6.188785482663661242e-05
3.089768870268017054e-05
8.235186396632343531e-05
1.439228071831166744e-04
1.237445685546845198e-04
1.031033752951771021e-04
1.235362433362752199e-04
1.441994099877774715e-04
2.055753138847649097e-04
2.061305858660489321e-04
1.955242478288710117e-04
2.371175942244008183e-04
3.595554153434932232e-04
3.497478610370308161e-04
3.494795528240501881e-04
5.354864988476037979e-04
5.543680163100361824e-04
6.380744162015616894e-04
6.064054323360323906e-04
6.994463037699460983e-04
9.254273609258234501e-04
6.068942602723836899e-04
6.676868069916963577e-04
8.131662034429609776e-04
6.271365564316511154e-04
7.609543390572071075e-04
6.989866960793733597e-04
8.753364090807735920e-04
1.090457080863416195e-03
1.071984996087849140e-03
1.277340459637343884e-03
1.473590731620788574e-03
1.587358885444700718e-03
1.666230033151805401e-03
1.885232049971818924e-03
1.966085284948348999e-03
1.976681174710392952e-03
2.326283371075987816e-03
2.152824308723211288e-03
3.056707326322793961e-03
2.625154564157128334e-03
3.222841769456863403e-03
3.317619208246469498e-03
3.612578846514225006e-03
3.469885326921939850e-03
3.511582966893911362e-03
2.956312848255038261e-03
3.126705531030893326e-03
3.610593732446432114e-03
3.519500140100717545e-03
3.259960561990737915e-03
2.706052269786596298e-03
2.694993047043681145e-03
2.490825252607464790e-03
2.719276817515492439e-03
2.605738583952188492e-03
2.872626064345240593e-03
2.565605333074927330e-03
2.893430413678288460e-03
3.266286803409457207e-03
2.696387702599167824e-03
2.742784563452005386e-03
2.916274592280387878e-03
2.565147820860147476e-03
2.480338793247938156e-03
2.501330105587840080e-03
2.101892838254570961e-03
2.204088028520345688e-03
2.069620881229639053e-03
1.758676487952470779e-03
1.748381648212671280e-03
1.522981910966336727e-03
1.470165443606674671e-03
1.244467683136463165e-03
1.213326351717114449e-03
1.019830117002129555e-03
8.756716269999742508e-04
8.945740410126745701e-04
8.852875907905399799e-04
7.099828217178583145e-04
7.907024701125919819e-04
5.763834924437105656e-04
6.787444581277668476e-04
6.065001944079995155e-04
4.215337685309350491e-04
5.134279490448534489e-04
4.520123766269534826e-04
3.699365770444273949e-04
5.044503486715257168e-04
4.318571882322430611e-04
4.514645843300968409e-04
4.107267304789274931e-04
2.979464479722082615e-04
2.987074258271604776e-04
3.396414977032691240e-04
3.402254660613834858e-04
3.403003502171486616e-04
2.271638804813846946e-04
2.260333712911233306e-04
2.061131526716053486e-04
2.571637742221355438e-04
1.753954857122153044e-04
1.859043986769393086e-04
1.653733197599649429e-04
1.335558335995301604e-04
1.128051299019716680e-04
1.539153308840468526e-04
1.330971863353624940e-04
1.542082027299329638e-04
1.851591514423489571e-04
1.642488641664385796e-04
2.054701035376638174e-04
1.535111514385789633e-04
2.053209609584882855e-04
2.168781793443486094e-04
1.540230732643976808e-04
1.748491195030510426e-04
1.133369660237804055e-04
1.548043655930086970e-04
1.648614997975528240e-04
2.063340216409415007e-04
1.753358665155246854e-04
8.222385076805949211e-05
1.338173024123534560e-04
1.749742077663540840e-04
1.546645071357488632e-04
1.341212046099826694e-04
1.031099673127755523e-04
1.130427845055237412e-04
4.104496838408522308e-05
7.193741475930437446e-05
1.032900036079809070e-04
7.220898260129615664e-05
6.204858073033392429e-05
3.103769995504990220e-05
8.256485307356342673e-05
5.145734394318424165e-05
6.189908890519291162e-05
0.000000000000000000e+00
2.086419954139273614e-05
1.040912047756137326e-05
0.000000000000000000e+00
3.101946276728995144e-05
0.000000000000000000e+00
0.000000000000000000e+00
0.000000000000000000e+00
0.000000000000000000e+00
0.000000000000000000e+00
0.000000000000000000e+00
0.000000000000000000e+00
0.000000000000000000e+00
0.000000000000000000e+00
0.000000000000000000e+00
0.000000000000000000e+00
0.000000000000000000e+00
0.000000000000000000e+00
0.000000000000000000e+00
0.000000000000000000e+00
0.000000000000000000e+00
0.000000000000000000e+00
0.000000000000000000e+00
0.000000000000000000e+00
0.000000000000000000e+00
0.000000000000000000e+00
0.000000000000000000e+00
0.000000000000000000e+00
0.000000000000000000e+00
0.000000000000000000e+00
0.000000000000000000e+00
0.000000000000000000e+00
0.000000000000000000e+00
0.000000000000000000e+00
0.000000000000000000e+00
0.000000000000000000e+00
0.000000000000000000e+00
0.000000000000000000e+00
0.000000000000000000e+00
0.000000000000000000e+00
0.000000000000000000e+00
0.000000000000000000e+00
0.000000000000000000e+00
0.000000000000000000e+00
0.000000000000000000e+00
0.000000000000000000e+00
0.000000000000000000e+00
0.000000000000000000e+00
0.000000000000000000e+00
0.000000000000000000e+00
0.000000000000000000e+00
0.000000000000000000e+00
0.000000000000000000e+00
0.000000000000000000e+00
0.000000000000000000e+00
0.000000000000000000e+00
0.000000000000000000e+00
0.000000000000000000e+00
0.000000000000000000e+00
0.000000000000000000e+00
0.000000000000000000e+00
0.000000000000000000e+00
0.000000000000000000e+00
0.000000000000000000e+00
0.000000000000000000e+00
0.000000000000000000e+00
0.000000000000000000e+00
0.000000000000000000e+00
0.000000000000000000e+00
0.000000000000000000e+00
0.000000000000000000e+00
0.000000000000000000e+00
0.000000000000000000e+00
0.000000000000000000e+00
0.000000000000000000e+00
0.000000000000000000e+00
0.000000000000000000e+00
0.000000000000000000e+00
0.000000000000000000e+00
0.000000000000000000e+00
0.000000000000000000e+00
0.000000000000000000e+00
0.000000000000000000e+00
0.000000000000000000e+00
0.000000000000000000e+00
0.000000000000000000e+00
0.000000000000000000e+00
0.000000000000000000e+00
0.000000000000000000e+00
0.000000000000000000e+00
0.000000000000000000e+00
0.000000000000000000e+00
0.000000000000000000e+00
0.000000000000000000e+00
0.000000000000000000e+00
0.000000000000000000e+00
0.000000000000000000e+00
0.000000000000000000e+00
0.000000000000000000e+00
0.000000000000000000e+00
0.000000000000000000e+00
0.000000000000000000e+00
0.000000000000000000e+00
0.000000000000000000e+00
0.000000000000000000e+00
0.000000000000000000e+00
0.000000000000000000e+00
0.000000000000000000e+00
0.000000000000000000e+00
0.000000000000000000e+00
0.000000000000000000e+00
0.000000000000000000e+00
0.000000000000000000e+00
0.000000000000000000e+00
0.000000000000000000e+00
0.000000000000000000e+00
0.000000000000000000e+00
0.000000000000000000e+00
0.000000000000000000e+00
0.000000000000000000e+00
0.000000000000000000e+00
0.000000000000000000e+00
0.000000000000000000e+00
0.000000000000000000e+00
0.000000000000000000e+00
0.000000000000000000e+00
0.000000000000000000e+00
0.000000000000000000e+00
0.000000000000000000e+00
0.000000000000000000e+00
0.000000000000000000e+00
0.000000000000000000e+00
0.000000000000000000e+00
0.000000000000000000e+00
0.000000000000000000e+00
0.000000000000000000e+00
0.000000000000000000e+00
0.000000000000000000e+00
0.000000000000000000e+00
0.000000000000000000e+00
0.000000000000000000e+00
0.000000000000000000e+00
0.000000000000000000e+00
0.000000000000000000e+00
0.000000000000000000e+00
0.000000000000000000e+00
0.000000000000000000e+00
0.000000000000000000e+00
0.000000000000000000e+00
0.000000000000000000e+00
0.000000000000000000e+00
0.000000000000000000e+00
0.000000000000000000e+00
0.000000000000000000e+00
0.000000000000000000e+00
0.000000000000000000e+00
0.000000000000000000e+00
0.000000000000000000e+00
0.000000000000000000e+00
0.000000000000000000e+00
0.000000000000000000e+00
0.000000000000000000e+00
0.000000000000000000e+00
0.000000000000000000e+00
0.000000000000000000e+00
0.000000000000000000e+00
0.000000000000000000e+00
