0.000000000000000000e+00
0.000000000000000000e+00
0.000000000000000000e+00
0.000000000000000000e+00
0.000000000000000000e+00
0.000000000000000000e+00
0.000000000000000000e+00
0.000000000000000000e+00
0.000000000000000000e+00
0.000000000000000000e+00
0.000000000000000000e+00
0.000000000000000000e+00
0.000000000000000000e+00
0.000000000000000000e+00
0.000000000000000000e+00
0.000000000000000000e+00
0.000000000000000000e+00
0.000000000000000000e+00
0.000000000000000000e+00
0.000000000000000000e+00
0.000000000000000000e+00
0.000000000000000000e+00
0.000000000000000000e+00
0.000000000000000000e+00
0.000000000000000000e+00
0.000000000000000000e+00
0.000000000000000000e+00
0.000000000000000000e+00
0.000000000000000000e+00
0.000000000000000000e+00
0.000000000000000000e+00
0.000000000000000000e+00
0.000000000000000000e+00
0.000000000000000000e+00
0.000000000000000000e+00
0.000000000000000000e+00
0.000000000000000000e+00
0.000000000000000000e+00
0.000000000000000000e+00
0.000000000000000000e+00
0.000000000000000000e+00
0.000000000000000000e+00
0.000000000000000000e+00
0.000000000000000000e+00
0.000000000000000000e+00
0.000000000000000000e+00
0.000000000000000000e+00
0.000000000000000000e+00
0.000000000000000000e+00
0.000000000000000000e+00
0.000000000000000000e+00
0.000000000000000000e+00
0.000000000000000000e+00
0.000000000000000000e+00
0.000000000000000000e+00
0.000000000000000000e+00
0.000000000000000000e+00
0.000000000000000000e+00
0.000000000000000000e+00
0.000000000000000000e+00
0.000000000000000000e+00
0.000000000000000000e+00
0.000000000000000000e+00
0.000000000000000000e+00
0.000000000000000000e+00
0.000000000000000000e+00
0.000000000000000000e+00
0.000000000000000000e+00
0.000000000000000000e+00
0.000000000000000000e+00
0.000000000000000000e+00
0.000000000000000000e+00
0.000000000000000000e+00
0.000000000000000000e+00
0.000000000000000000e+00
0.000000000000000000e+00
0.000000000000000000e+00
0.000000000000000000e+00
0.000000000000000000e+00
0.000000000000000000e+00
0.000000000000000000e+00
0.000000000000000000e+00
0.000000000000000000e+00
0.000000000000000000e+00
0.000000000000000000e+00
0.000000000000000000e+00
0.000000000000000000e+00
0.000000000000000000e+00
0.000000000000000000e+00
0.000000000000000000e+00
0.000000000000000000e+00
0.000000000000000000e+00
0.000000000000000000e+00
0.000000000000000000e+00
0.000000000000000000e+00
0.000000000000000000e+00
0.000000000000000000e+00
0.000000000000000000e+00
0.000000000000000000e+00
0.000000000000000000e+00
0.000000000000000000e+00
0.000000000000000000e+00
0.000000000000000000e+00
0.000000000000000000e+00
0.000000000000000000e+00
0.000000000000000000e+00
0.000000000000000000e+00
0.000000000000000000e+00
0.000000000000000000e+00
0.000000000000000000e+00
0.000000000000000000e+00
0.000000000000000000e+00
0.000000000000000000e+00
0.000000000000000000e+00
0.000000000000000000e+00
0.000000000000000000e+00
0.000000000000000000e+00
0.000000000000000000e+00
0.000000000000000000e+00
0.000000000000000000e+00
0.000000000000000000e+00
0.000000000000000000e+00
0.000000000000000000e+00
0.000000000000000000e+00
0.000000000000000000e+00
0.000000000000000000e+00
0.000000000000000000e+00
0.000000000000000000e+00
0.000000000000000000e+00
0.000000000000000000e+00
0.000000000000000000e+00
0.000000000000000000e+00
0.000000000000000000e+00
0.000000000000000000e+00
0.000000000000000000e+00
0.000000000000000000e+00
0.000000000000000000e+00
0.000000000000000000e+00
0.000000000000000000e+00
0.000000000000000000e+00
0.000000000000000000e+00
0.000000000000000000e+00
0.000000000000000000e+00
0.000000000000000000e+00
0.000000000000000000e+00
0.000000000000000000e+00
0.000000000000000000e+00
0.000000000000000000e+00
0.000000000000000000e+00
0.000000000000000000e+00
0.000000000000000000e+00
0.000000000000000000e+00
0.000000000000000000e+00
0.000000000000000000e+00
0.000000000000000000e+00
0.000000000000000000e+00
1.724891035337350331e-06
0.000000000000000000e+00
0.000000000000000000e+00
1.716567112453049049e-06
3.448142251727404073e-06
1.721758280837093480e-06
1.730502162899938412e-06
3.438109615672146901e-06
5.147046522324671969e-06
1.723692207633575890e-06
1.722927095215709414e-06
3.438488192841759883e-06
1.364691161143127829e-05
1.031791907735168934e-05
1.202243038278538734e-05
6.842049970146035776e-06
1.710445030767004937e-05
2.394842886133119464e-05
2.917453821282833815e-05
2.225183015980292112e-05
2.924287946370895952e-05
4.972716851625591516e-05
5.312157009029760957e-05
3.779545659199357033e-05
4.965276821167208254e-05
6.356349331326782703e-05
4.462439392227679491e-05
7.535144686698913574e-05
8.549212361685931683e-05
5.661054092342965305e-05
8.750319830141961575e-05
8.548661571694537997e-05
1.061919683706946671e-04
1.526015694253146648e-04
1.527151325717568398e-04
1.869582483777776361e-04
2.367541164858266711e-04
2.471714105922728777e-04
3.053936234209686518e-04
3.431845107115805149e-04
3.536115109454840422e-04
4.681074933614581823e-04
4.941007937304675579e-04
4.759627336170524359e-04
5.505202570930123329e-04
6.349909235723316669e-04
5.955281085334718227e-04
5.753621808253228664e-04
5.491359625011682510e-04
4.958159406669437885e-04
4.940222715958952904e-04
4.378828161861747503e-04
4.255577223375439644e-04
3.671049780678004026e-04
2.987406332977116108e-04
2.987071638926863670e-04
2.901146071963012218e-04
2.728936087805777788e-04
2.282657515024766326e-04
2.261876943521201611e-04
2.057519450318068266e-04
1.388844975735992193e-04
1.217196622746996582e-04
9.430161298951134086e-05
9.754204802447929978e-05
6.335923535516485572e-05
4.260297282598912716e-05
2.728071558522060513e-05
3.419155473238788545e-05
1.193289972434286028e-05
6.794406090193660930e-06
6.848269094916759059e-06
3.406187943255645223e-06
1.725036668176471721e-06
5.135294941283063963e-06
0.000000000000000000e+00
1.703482325865479652e-06
1.714966742838441860e-06
1.699943368294043466e-06
0.000000000000000000e+00
0.000000000000000000e+00
0.000000000000000000e+00
0.000000000000000000e+00
0.000000000000000000e+00
0.000000000000000000e+00
0.000000000000000000e+00
0.000000000000000000e+00
0.000000000000000000e+00
0.000000000000000000e+00
0.000000000000000000e+00
0.000000000000000000e+00
0.000000000000000000e+00
0.000000000000000000e+00
0.000000000000000000e+00
0.000000000000000000e+00
0.000000000000000000e+00
0.000000000000000000e+00
0.000000000000000000e+00
0.000000000000000000e+00
0.000000000000000000e+00
0.000000000000000000e+00
0.000000000000000000e+00
0.000000000000000000e+00
0.000000000000000000e+00
1.714741415526077617e-06
0.000000000000000000e+00
1.716568931442452595e-06
3.424454689593403600e-06
3.445085667408420704e-06
1.032083127938676625e-05
6.881008630443830043e-06
1.033832995744887739e-05
2.068318644887767732e-05
1.897258698591031134e-05
1.889198028948158026e-05
1.373584564134944230e-05
1.549754415464121848e-05
1.709189018583856523e-05
1.376845193590270355e-05
3.258388460380956531e-05
4.451127097127027810e-05
5.816798147861845791e-05
8.416255150223150849e-05
8.390210132347419858e-05
1.028699552989564836e-04
9.430272621102631092e-05
9.437810513190925121e-05
1.560078817419707775e-04
1.677915861364454031e-04
1.986354764085263014e-04
2.039849496213719249e-04
2.502281859051436186e-04
3.099317546002566814e-04
3.566042578313499689e-04
3.601825446821749210e-04
4.411519621498882771e-04
4.719578428193926811e-04
4.942727973684668541e-04
4.756491398438811302e-04
5.185724585317075253e-04
5.455499049276113510e-04
5.697382730431854725e-04
5.013396148569881916e-04
4.722386656794697046e-04
3.878649440594017506e-04
4.154507187195122242e-04
3.090507234446704388e-04
2.901576226577162743e-04
2.248490054626017809e-04
1.907419355120509863e-04
1.890771964099258184e-04
1.613027707207947969e-04
1.321954041486606002e-04
1.200538754346780479e-04
1.371611870126798749e-04
1.215782322105951607e-04
1.231782807735726237e-04
1.747390197124332190e-04
1.180908220703713596e-04
1.490703871240839362e-04
1.676318497629836202e-04
1.406002265866845846e-04
1.233955408679321408e-04
1.269306812901049852e-04
9.260846127290278673e-05
9.248514834325760603e-05
8.894778147805482149e-05
7.720415305811911821e-05
9.079664596356451511e-05
1.164625282399356365e-04
7.537274359492585063e-05
6.348795432131737471e-05
5.329267878551036119e-05
3.095599095104262233e-05
2.920429324149154127e-05
2.929484071501065046e-05
2.421082535875029862e-05
2.417753421468660235e-05
2.073450377793051302e-05
2.076171949738636613e-05
3.452179953455924988e-06
1.384203733323374763e-05
3.464997689661686309e-06
3.443961531957029365e-06
6.951018349354853854e-06
0.000000000000000000e+00
0.000000000000000000e+00
0.000000000000000000e+00
0.000000000000000000e+00
0.000000000000000000e+00
0.000000000000000000e+00
0.000000000000000000e+00
0.000000000000000000e+00
0.000000000000000000e+00
0.000000000000000000e+00
0.000000000000000000e+00
0.000000000000000000e+00
0.000000000000000000e+00
0.000000000000000000e+00
0.000000000000000000e+00
0.000000000000000000e+00
0.000000000000000000e+00
0.000000000000000000e+00
0.000000000000000000e+00
0.000000000000000000e+00
0.000000000000000000e+00
0.000000000000000000e+00
0.000000000000000000e+00
0.000000000000000000e+00
0.000000000000000000e+00
0.000000000000000000e+00
0.000000000000000000e+00
0.000000000000000000e+00
0.000000000000000000e+00
0.000000000000000000e+00
0.000000000000000000e+00
0.000000000000000000e+00
0.000000000000000000e+00
0.000000000000000000e+00
0.000000000000000000e+00
0.000000000000000000e+00
0.000000000000000000e+00
0.000000000000000000e+00
0.000000000000000000e+00
0.000000000000000000e+00
0.000000000000000000e+00
0.000000000000000000e+00
0.000000000000000000e+00
0.000000000000000000e+00
0.000000000000000000e+00
0.000000000000000000e+00
0.000000000000000000e+00
0.000000000000000000e+00
0.000000000000000000e+00
0.000000000000000000e+00
0.000000000000000000e+00
0.000000000000000000e+00
0.000000000000000000e+00
0.000000000000000000e+00
0.000000000000000000e+00
0.000000000000000000e+00
0.000000000000000000e+00
0.000000000000000000e+00
0.000000000000000000e+00
0.000000000000000000e+00
0.000000000000000000e+00
0.000000000000000000e+00
0.000000000000000000e+00
0.000000000000000000e+00
0.000000000000000000e+00
0.000000000000000000e+00
0.000000000000000000e+00
0.000000000000000000e+00
0.000000000000000000e+00
0.000000000000000000e+00
0.000000000000000000e+00
0.000000000000000000e+00
0.000000000000000000e+00
0.000000000000000000e+00
0.000000000000000000e+00
0.000000000000000000e+00
0.000000000000000000e+00
0.000000000000000000e+00
0.000000000000000000e+00
0.000000000000000000e+00
0.000000000000000000e+00
0.000000000000000000e+00
0.000000000000000000e+00
0.000000000000000000e+00
0.000000000000000000e+00
0.000000000000000000e+00
0.000000000000000000e+00
0.000000000000000000e+00
0.000000000000000000e+00
0.000000000000000000e+00
0.000000000000000000e+00
0.000000000000000000e+00
0.000000000000000000e+00
0.000000000000000000e+00
0.000000000000000000e+00
0.000000000000000000e+00
0.000000000000000000e+00
0.000000000000000000e+00
0.000000000000000000e+00
0.000000000000000000e+00
0.000000000000000000e+00
0.000000000000000000e+00
0.000000000000000000e+00
0.000000000000000000e+00
0.000000000000000000e+00
0.000000000000000000e+00
0.000000000000000000e+00
0.000000000000000000e+00
0.000000000000000000e+00
0.000000000000000000e+00
0.000000000000000000e+00
0.000000000000000000e+00
0.000000000000000000e+00
0.000000000000000000e+00
0.000000000000000000e+00
0.000000000000000000e+00
0.000000000000000000e+00
0.000000000000000000e+00
0.000000000000000000e+00
0.000000000000000000e+00
0.000000000000000000e+00
0.000000000000000000e+00
0.000000000000000000e+00
0.000000000000000000e+00
0.000000000000000000e+00
0.000000000000000000e+00
0.000000000000000000e+00
0.000000000000000000e+00
0.000000000000000000e+00
0.000000000000000000e+00
0.000000000000000000e+00
0.000000000000000000e+00
0.000000000000000000e+00
0.000000000000000000e+00
0.000000000000000000e+00
0.000000000000000000e+00
0.000000000000000000e+00
0.000000000000000000e+00
0.000000000000000000e+00
0.000000000000000000e+00
0.000000000000000000e+00
0.000000000000000000e+00
0.000000000000000000e+00
0.000000000000000000e+00
0.000000000000000000e+00
0.000000000000000000e+00
0.000000000000000000e+00
0.000000000000000000e+00
0.000000000000000000e+00
0.000000000000000000e+00
0.000000000000000000e+00
0.000000000000000000e+00
0.000000000000000000e+00
0.000000000000000000e+00
0.000000000000000000e+00
0.000000000000000000e+00
0.000000000000000000e+00
0.000000000000000000e+00
0.000000000000000000e+00
