0.000000000000000000e+00
0.000000000000000000e+00
0.000000000000000000e+00
0.000000000000000000e+00
0.000000000000000000e+00
0.000000000000000000e+00
0.000000000000000000e+00
0.000000000000000000e+00
0.000000000000000000e+00
0.000000000000000000e+00
0.000000000000000000e+00
0.000000000000000000e+00
0.000000000000000000e+00
0.000000000000000000e+00
0.000000000000000000e+00
0.000000000000000000e+00
0.000000000000000000e+00
0.000000000000000000e+00
0.000000000000000000e+00
0.000000000000000000e+00
0.000000000000000000e+00
0.000000000000000000e+00
0.000000000000000000e+00
0.000000000000000000e+00
0.000000000000000000e+00
0.000000000000000000e+00
0.000000000000000000e+00
0.000000000000000000e+00
0.000000000000000000e+00
0.000000000000000000e+00
0.000000000000000000e+00
0.000000000000000000e+00
0.000000000000000000e+00
0.000000000000000000e+00
0.000000000000000000e+00
0.000000000000000000e+00
0.000000000000000000e+00
0.000000000000000000e+00
0.000000000000000000e+00
0.000000000000000000e+00
0.000000000000000000e+00
0.000000000000000000e+00
0.000000000000000000e+00
0.000000000000000000e+00
0.000000000000000000e+00
0.000000000000000000e+00
0.000000000000000000e+00
0.000000000000000000e+00
0.000000000000000000e+00
0.000000000000000000e+00
0.000000000000000000e+00
0.000000000000000000e+00
0.000000000000000000e+00
0.000000000000000000e+00
0.000000000000000000e+00
0.000000000000000000e+00
0.000000000000000000e+00
0.000000000000000000e+00
0.000000000000000000e+00
0.000000000000000000e+00
0.000000000000000000e+00
0.000000000000000000e+00
0.000000000000000000e+00
0.000000000000000000e+00
0.000000000000000000e+00
0.000000000000000000e+00
0.000000000000000000e+00
0.000000000000000000e+00
0.000000000000000000e+00
0.000000000000000000e+00
0.000000000000000000e+00
0.000000000000000000e+00
0.000000000000000000e+00
0.000000000000000000e+00
0.000000000000000000e+00
0.000000000000000000e+00
0.000000000000000000e+00
0.000000000000000000e+00
0.000000000000000000e+00
0.000000000000000000e+00
0.000000000000000000e+00
0.000000000000000000e+00
0.000000000000000000e+00
0.000000000000000000e+00
0.000000000000000000e+00
0.000000000000000000e+00
0.000000000000000000e+00
0.000000000000000000e+00
0.000000000000000000e+00
0.000000000000000000e+00
0.000000000000000000e+00
0.000000000000000000e+00
0.000000000000000000e+00
0.000000000000000000e+00
0.000000000000000000e+00
0.000000000000000000e+00
0.000000000000000000e+00
0.000000000000000000e+00
0.000000000000000000e+00
0.000000000000000000e+00
0.000000000000000000e+00
0.000000000000000000e+00
0.000000000000000000e+00
0.000000000000000000e+00
0.000000000000000000e+00
0.000000000000000000e+00
0.000000000000000000e+00
0.000000000000000000e+00
0.000000000000000000e+00
0.000000000000000000e+00
0.000000000000000000e+00
0.000000000000000000e+00
0.000000000000000000e+00
0.000000000000000000e+00
0.000000000000000000e+00
0.000000000000000000e+00
0.000000000000000000e+00
0.000000000000000000e+00
0.000000000000000000e+00
0.000000000000000000e+00
0.000000000000000000e+00
0.000000000000000000e+00
0.000000000000000000e+00
0.000000000000000000e+00
0.000000000000000000e+00
0.000000000000000000e+00
0.000000000000000000e+00
0.000000000000000000e+00
0.000000000000000000e+00
0.000000000000000000e+00
0.000000000000000000e+00
0.000000000000000000e+00
0.000000000000000000e+00
0.000000000000000000e+00
0.000000000000000000e+00
0.000000000000000000e+00
0.000000000000000000e+00
0.000000000000000000e+00
0.000000000000000000e+00
0.000000000000000000e+00
0.000000000000000000e+00
0.000000000000000000e+00
0.000000000000000000e+00
0.000000000000000000e+00
0.000000000000000000e+00
0.000000000000000000e+00
0.000000000000000000e+00
0.000000000000000000e+00
0.000000000000000000e+00
0.000000000000000000e+00
0.000000000000000000e+00
0.000000000000000000e+00
0.000000000000000000e+00
0.000000000000000000e+00
0.000000000000000000e+00
0.000000000000000000e+00
0.000000000000000000e+00
1.020017407427076250e-05
1.031285592034691945e-05
2.045138899120502174e-05
0.000000000000000000e+00
3.082918556174263358e-05
3.083616320509463549e-05
5.113051520311273634e-05
2.053069511021021754e-05
1.028942733682924882e-05
2.042513915512245148e-05
2.050874172709882259e-05
5.144148235558532178e-05
4.105684274691157043e-05
8.193923713406547904e-05
1.229859044542536139e-04
1.332816318608820438e-04
1.954480103449895978e-04
2.368407294852659106e-04
3.397886175662279129e-04
3.087617515120655298e-04
4.818383895326405764e-04
3.285684215370565653e-04
4.208013415336608887e-04
3.598926123231649399e-04
3.183064691256731749e-04
3.701355599332600832e-04
3.900957817677408457e-04
2.569787611719220877e-04
2.885205030906945467e-04
2.882191038224846125e-04
2.371403825236484408e-04
2.888356975745409727e-04
4.529945726972073317e-04
3.500734746921807528e-04
2.789441787172108889e-04
3.912016109097748995e-04
4.742483433801680803e-04
5.158691201359033585e-04
5.461554392240941525e-04
6.695649353787302971e-04
6.698206416331231594e-04
8.032207260839641094e-04
7.924468372948467731e-04
6.793380016461014748e-04
7.309367647394537926e-04
7.103325333446264267e-04
5.447846488095819950e-04
5.762959481216967106e-04
3.705322742462158203e-04
4.951423616148531437e-04
4.122913815081119537e-04
6.180666969157755375e-04
4.849946126341819763e-04
2.672919072210788727e-04
3.719863016158342361e-04
3.595057060010731220e-04
3.291902830824255943e-04
3.604432276915758848e-04
2.161459415219724178e-04
2.464956487528979778e-04
1.751771051203832030e-04
2.683328348211944103e-04
1.549188891658559442e-04
1.750626252032816410e-04
1.645700831431895494e-04
2.159844298148527741e-04
1.853357243817299604e-04
2.263561182189732790e-04
2.164211327908560634e-04
2.983283775392919779e-04
3.593238070607185364e-04
4.100674996152520180e-04
4.009994445368647575e-04
5.339663475751876831e-04
7.186593720689415932e-04
6.578558823093771935e-04
1.142117660492658615e-03
1.101734582334756851e-03
1.530837151221930981e-03
1.555309281684458256e-03
1.791723538190126419e-03
1.976656029000878334e-03
2.368202432990074158e-03
2.274271799251437187e-03
2.628638874739408493e-03
2.605109708383679390e-03
2.770409453660249710e-03
3.255008254200220108e-03
3.615236841142177582e-03
3.986119758337736130e-03
4.363706335425376892e-03
4.209341481328010559e-03
3.798650810495018959e-03
3.869055071845650673e-03
3.436652245000004768e-03
3.530307672917842865e-03
3.641281975433230400e-03
3.261402016505599022e-03
3.314587986096739769e-03
3.395703155547380447e-03
2.962627448141574860e-03
3.066478762775659561e-03
2.719361335039138794e-03
2.727279206737875938e-03
2.575269667431712151e-03
2.451900392770767212e-03
2.462205477058887482e-03
2.771167550235986710e-03
2.317941514775156975e-03
2.102354541420936584e-03
2.216222696006298065e-03
1.873466651886701584e-03
1.897007226943969727e-03
1.794279320165514946e-03
1.576077658683061600e-03
1.648523379117250443e-03
1.358998706564307213e-03
1.133424695581197739e-03
1.050418242812156677e-03
9.265045518986880779e-04
9.585344814695417881e-04
9.569855174049735069e-04
6.067009526304900646e-04
6.179453339427709579e-04
7.193404017016291618e-04
6.985040963627398014e-04
5.448809824883937836e-04
2.568575437180697918e-04
4.725933249574154615e-04
3.289536398369818926e-04
3.076414286624640226e-04
3.077246947214007378e-04
2.253778802696615458e-04
2.151795342797413468e-04
1.842516066972166300e-04
1.432470162399113178e-04
1.027982725645415485e-04
1.021182833937928081e-04
1.125476119341328740e-04
7.149369048420339823e-05
7.147136057028546929e-05
4.087129127583466470e-05
4.048379560117609799e-05
6.127866072347387671e-05
5.101703573018312454e-05
4.072126102983020246e-05
5.079521724837832153e-05
2.044196844508405775e-05
1.028239603328984231e-05
1.028084898280212656e-05
2.060021142824552953e-05
1.032640102494042367e-05
2.063034480670467019e-05
0.000000000000000000e+00
2.074042822641786188e-05
0.000000000000000000e+00
0.000000000000000000e+00
1.039478684106143191e-05
0.000000000000000000e+00
0.000000000000000000e+00
0.000000000000000000e+00
0.000000000000000000e+00
0.000000000000000000e+00
0.000000000000000000e+00
0.000000000000000000e+00
0.000000000000000000e+00
0.000000000000000000e+00
0.000000000000000000e+00
0.000000000000000000e+00
0.000000000000000000e+00
0.000000000000000000e+00
0.000000000000000000e+00
0.000000000000000000e+00
0.000000000000000000e+00
0.000000000000000000e+00
0.000000000000000000e+00
0.000000000000000000e+00
0.000000000000000000e+00
0.000000000000000000e+00
0.000000000000000000e+00
0.000000000000000000e+00
0.000000000000000000e+00
0.000000000000000000e+00
0.000000000000000000e+00
0.000000000000000000e+00
0.000000000000000000e+00
0.000000000000000000e+00
0.000000000000000000e+00
0.000000000000000000e+00
0.000000000000000000e+00
0.000000000000000000e+00
0.000000000000000000e+00
0.000000000000000000e+00
0.000000000000000000e+00
0.000000000000000000e+00
0.000000000000000000e+00
0.000000000000000000e+00
0.000000000000000000e+00
0.000000000000000000e+00
0.000000000000000000e+00
0.000000000000000000e+00
0.000000000000000000e+00
0.000000000000000000e+00
0.000000000000000000e+00
0.000000000000000000e+00
0.000000000000000000e+00
0.000000000000000000e+00
0.000000000000000000e+00
0.000000000000000000e+00
0.000000000000000000e+00
0.000000000000000000e+00
0.000000000000000000e+00
0.000000000000000000e+00
0.000000000000000000e+00
0.000000000000000000e+00
0.000000000000000000e+00
0.000000000000000000e+00
0.000000000000000000e+00
0.000000000000000000e+00
0.000000000000000000e+00
0.000000000000000000e+00
0.000000000000000000e+00
0.000000000000000000e+00
0.000000000000000000e+00
0.000000000000000000e+00
0.000000000000000000e+00
0.000000000000000000e+00
0.000000000000000000e+00
0.000000000000000000e+00
0.000000000000000000e+00
0.000000000000000000e+00
0.000000000000000000e+00
0.000000000000000000e+00
0.000000000000000000e+00
0.000000000000000000e+00
0.000000000000000000e+00
0.000000000000000000e+00
0.000000000000000000e+00
0.000000000000000000e+00
0.000000000000000000e+00
0.000000000000000000e+00
0.000000000000000000e+00
0.000000000000000000e+00
0.000000000000000000e+00
0.000000000000000000e+00
0.000000000000000000e+00
0.000000000000000000e+00
0.000000000000000000e+00
0.000000000000000000e+00
0.000000000000000000e+00
0.000000000000000000e+00
0.000000000000000000e+00
0.000000000000000000e+00
0.000000000000000000e+00
0.000000000000000000e+00
0.000000000000000000e+00
0.000000000000000000e+00
0.000000000000000000e+00
0.000000000000000000e+00
0.000000000000000000e+00
0.000000000000000000e+00
0.000000000000000000e+00
0.000000000000000000e+00
0.000000000000000000e+00
0.000000000000000000e+00
0.000000000000000000e+00
0.000000000000000000e+00
0.000000000000000000e+00
0.000000000000000000e+00
0.000000000000000000e+00
0.000000000000000000e+00
0.000000000000000000e+00
0.000000000000000000e+00
0.000000000000000000e+00
0.000000000000000000e+00
0.000000000000000000e+00
0.000000000000000000e+00
0.000000000000000000e+00
0.000000000000000000e+00
0.000000000000000000e+00
0.000000000000000000e+00
0.000000000000000000e+00
0.000000000000000000e+00
0.000000000000000000e+00
0.000000000000000000e+00
0.000000000000000000e+00
0.000000000000000000e+00
0.000000000000000000e+00
0.000000000000000000e+00
0.000000000000000000e+00
0.000000000000000000e+00
0.000000000000000000e+00
0.000000000000000000e+00
0.000000000000000000e+00
0.000000000000000000e+00
0.000000000000000000e+00
0.000000000000000000e+00
0.000000000000000000e+00
0.000000000000000000e+00
0.000000000000000000e+00
0.000000000000000000e+00
0.000000000000000000e+00
0.000000000000000000e+00
0.000000000000000000e+00
0.000000000000000000e+00
0.000000000000000000e+00
0.000000000000000000e+00
0.000000000000000000e+00
0.000000000000000000e+00
0.000000000000000000e+00
0.000000000000000000e+00
0.000000000000000000e+00
0.000000000000000000e+00
0.000000000000000000e+00
0.000000000000000000e+00
0.000000000000000000e+00
0.000000000000000000e+00
0.000000000000000000e+00
0.000000000000000000e+00
0.000000000000000000e+00
0.000000000000000000e+00
0.000000000000000000e+00
0.000000000000000000e+00
0.000000000000000000e+00
0.000000000000000000e+00
0.000000000000000000e+00
0.000000000000000000e+00
0.000000000000000000e+00
0.000000000000000000e+00
0.000000000000000000e+00
0.000000000000000000e+00
0.000000000000000000e+00
0.000000000000000000e+00
0.000000000000000000e+00
0.000000000000000000e+00
0.000000000000000000e+00
0.000000000000000000e+00
0.000000000000000000e+00
0.000000000000000000e+00
0.000000000000000000e+00
0.000000000000000000e+00
0.000000000000000000e+00
0.000000000000000000e+00
