0.000000000000000000e+00
0.000000000000000000e+00
0.000000000000000000e+00
0.000000000000000000e+00
0.000000000000000000e+00
0.000000000000000000e+00
0.000000000000000000e+00
0.000000000000000000e+00
0.000000000000000000e+00
0.000000000000000000e+00
0.000000000000000000e+00
0.000000000000000000e+00
0.000000000000000000e+00
0.000000000000000000e+00
0.000000000000000000e+00
0.000000000000000000e+00
0.000000000000000000e+00
0.000000000000000000e+00
0.000000000000000000e+00
0.000000000000000000e+00
0.000000000000000000e+00
0.000000000000000000e+00
0.000000000000000000e+00
0.000000000000000000e+00
0.000000000000000000e+00
0.000000000000000000e+00
0.000000000000000000e+00
0.000000000000000000e+00
0.000000000000000000e+00
0.000000000000000000e+00
0.000000000000000000e+00
0.000000000000000000e+00
0.000000000000000000e+00
0.000000000000000000e+00
0.000000000000000000e+00
0.000000000000000000e+00
0.000000000000000000e+00
0.000000000000000000e+00
0.000000000000000000e+00
0.000000000000000000e+00
0.000000000000000000e+00
0.000000000000000000e+00
0.000000000000000000e+00
0.000000000000000000e+00
0.000000000000000000e+00
0.000000000000000000e+00
0.000000000000000000e+00
0.000000000000000000e+00
0.000000000000000000e+00
0.000000000000000000e+00
0.000000000000000000e+00
0.000000000000000000e+00
0.000000000000000000e+00
0.000000000000000000e+00
0.000000000000000000e+00
0.000000000000000000e+00
0.000000000000000000e+00
0.000000000000000000e+00
0.000000000000000000e+00
0.000000000000000000e+00
0.000000000000000000e+00
0.000000000000000000e+00
0.000000000000000000e+00
0.000000000000000000e+00
0.000000000000000000e+00
0.000000000000000000e+00
0.000000000000000000e+00
0.000000000000000000e+00
0.000000000000000000e+00
0.000000000000000000e+00
0.000000000000000000e+00
0.000000000000000000e+00
0.000000000000000000e+00
0.000000000000000000e+00
0.000000000000000000e+00
0.000000000000000000e+00
0.000000000000000000e+00
0.000000000000000000e+00
0.000000000000000000e+00
0.000000000000000000e+00
0.000000000000000000e+00
0.000000000000000000e+00
0.000000000000000000e+00
0.000000000000000000e+00
0.000000000000000000e+00
0.000000000000000000e+00
0.000000000000000000e+00
0.000000000000000000e+00
0.000000000000000000e+00
0.000000000000000000e+00
0.000000000000000000e+00
0.000000000000000000e+00
0.000000000000000000e+00
0.000000000000000000e+00
0.000000000000000000e+00
0.000000000000000000e+00
0.000000000000000000e+00
0.000000000000000000e+00
0.000000000000000000e+00
0.000000000000000000e+00
0.000000000000000000e+00
0.000000000000000000e+00
0.000000000000000000e+00
0.000000000000000000e+00
0.000000000000000000e+00
0.000000000000000000e+00
0.000000000000000000e+00
0.000000000000000000e+00
0.000000000000000000e+00
0.000000000000000000e+00
0.000000000000000000e+00
0.000000000000000000e+00
0.000000000000000000e+00
0.000000000000000000e+00
0.000000000000000000e+00
0.000000000000000000e+00
0.000000000000000000e+00
0.000000000000000000e+00
0.000000000000000000e+00
0.000000000000000000e+00
0.000000000000000000e+00
0.000000000000000000e+00
0.000000000000000000e+00
0.000000000000000000e+00
0.000000000000000000e+00
0.000000000000000000e+00
0.000000000000000000e+00
0.000000000000000000e+00
0.000000000000000000e+00
0.000000000000000000e+00
0.000000000000000000e+00
0.000000000000000000e+00
0.000000000000000000e+00
0.000000000000000000e+00
0.000000000000000000e+00
0.000000000000000000e+00
0.000000000000000000e+00
0.000000000000000000e+00
0.000000000000000000e+00
0.000000000000000000e+00
0.000000000000000000e+00
0.000000000000000000e+00
0.000000000000000000e+00
0.000000000000000000e+00
0.000000000000000000e+00
0.000000000000000000e+00
0.000000000000000000e+00
0.000000000000000000e+00
0.000000000000000000e+00
0.000000000000000000e+00
0.000000000000000000e+00
0.000000000000000000e+00
0.000000000000000000e+00
0.000000000000000000e+00
0.000000000000000000e+00
0.000000000000000000e+00
0.000000000000000000e+00
0.000000000000000000e+00
0.000000000000000000e+00
0.000000000000000000e+00
0.000000000000000000e+00
0.000000000000000000e+00
0.000000000000000000e+00
0.000000000000000000e+00
0.000000000000000000e+00
0.000000000000000000e+00
1.724891035337350331e-06
0.000000000000000000e+00
1.716567112453049049e-06
0.000000000000000000e+00
1.725224365145550109e-06
3.444676394792622887e-06
5.132635124027729034e-06
5.166144092072499916e-06
1.030204293783754110e-05
8.541196621081326157e-06
3.402658421691739932e-06
8.530387276550754905e-06
8.536051609553396702e-06
1.539636286906898022e-05
1.543362850497942418e-05
6.842280527052935213e-06
1.712485027383081615e-05
2.756022695393767208e-05
3.771601768676191568e-05
4.106456253794021904e-05
4.628047827281989157e-05
3.947677396354265511e-05
5.653846164932474494e-05
7.023399666650220752e-05
8.049533062148839235e-05
7.368414662778377533e-05
9.605118975741788745e-05
1.301192824030295014e-04
1.283096789848059416e-04
1.337687426712363958e-04
1.662607828620821238e-04
2.057493111351504922e-04
2.505014708731323481e-04
2.658555458765476942e-04
2.436650247545912862e-04
3.037418646272271872e-04
3.241506055928766727e-04
3.484955232124775648e-04
4.171542241238057613e-04
4.272514197509735823e-04
4.356312856543809175e-04
4.424758953973650932e-04
4.257904365658760071e-04
4.154280759394168854e-04
4.444659280125051737e-04
4.944077809341251850e-04
4.821630718652158976e-04
4.534191393759101629e-04
4.977628123015165329e-04
4.741629818454384804e-04
3.878432326018810272e-04
3.809312474913895130e-04
3.602137730922549963e-04
3.417596162762492895e-04
2.832432510331273079e-04
2.452149346936494112e-04
2.317815087735652924e-04
2.469901810400187969e-04
2.075429656542837620e-04
1.387997326673939824e-04
1.355597923975437880e-04
1.112122990889474750e-04
8.752162830205634236e-05
7.532362360507249832e-05
4.443325815373100340e-05
4.959012585459277034e-05
2.724730256886687130e-05
2.733825022005476058e-05
1.534628063382115215e-05
3.377677330718142912e-06
3.406862333577009849e-06
6.823198873462388292e-06
1.703554175946919713e-06
0.000000000000000000e+00
3.414909997445647605e-06
0.000000000000000000e+00
0.000000000000000000e+00
0.000000000000000000e+00
0.000000000000000000e+00
0.000000000000000000e+00
0.000000000000000000e+00
0.000000000000000000e+00
0.000000000000000000e+00
0.000000000000000000e+00
0.000000000000000000e+00
1.714741415526077617e-06
3.433141955611063167e-06
1.707881665424793027e-06
3.440517957642441615e-06
1.032871568895643577e-05
3.457141019680420868e-06
1.032979616866214201e-05
1.723621971905231476e-05
1.378936485707527027e-05
1.378257184114772826e-05
8.555494787287898362e-06
1.205747867061290890e-05
1.714060817903373390e-05
2.574767313490156084e-05
1.718896055535878986e-05
3.425928662181831896e-05
4.459474439499899745e-05
5.313419751473702490e-05
5.132154183229431510e-05
9.599280019756406546e-05
7.543581159552559257e-05
8.740821795072406530e-05
1.114730912377126515e-04
1.474724704166874290e-04
1.335559791186824441e-04
1.644443836994469166e-04
2.195860142819583416e-04
2.449478197377175093e-04
3.014558460563421249e-04
3.667814307846128941e-04
3.807067696470767260e-04
4.564376140478998423e-04
4.805407952517271042e-04
4.910874413326382637e-04
4.907600814476609230e-04
5.357657792046666145e-04
4.738245042972266674e-04
4.927902482450008392e-04
4.310411459300667048e-04
4.274797684047371149e-04
3.808154724538326263e-04
3.947269287891685963e-04
3.208678099326789379e-04
3.006533952429890633e-04
2.350217400817200541e-04
2.318102051503956318e-04
2.249599201604723930e-04
1.682539441389963031e-04
1.442231150576844811e-04
1.337883149972185493e-04
1.167384034488350153e-04
1.440107007510960102e-04
1.011377025861293077e-04
1.200701371999457479e-04
9.920428419718518853e-05
1.301174925174564123e-04
1.334486441919580102e-04
1.060794820659793913e-04
9.601962665328755975e-05
1.146947324741631746e-04
1.029049017233774066e-04
9.772217890713363886e-05
9.759185195434838533e-05
7.549345900770276785e-05
7.007985550444573164e-05
7.882249337853863835e-05
4.092853487236425281e-05
5.317354225553572178e-05
5.132608566782437265e-05
4.452360371942631900e-05
4.121684833080507815e-05
4.472506043384782970e-05
4.631325646187178791e-05
4.293503661756403744e-05
5.152077574166469276e-05
4.806980723515152931e-05
4.822629125555977225e-05
2.917859637818764895e-05
3.261500387452542782e-05
4.282400550437159836e-05
2.744625271589029580e-05
3.609581835917197168e-05
3.779543476412072778e-05
2.244967799924779683e-05
1.897316178656183183e-05
2.241746005893219262e-05
2.067563400487415493e-05
1.036534104059683159e-05
8.649039045849349350e-06
6.928009952389402315e-06
1.726105097077379469e-06
3.443961531957029365e-06
3.463546363491332158e-06
0.000000000000000000e+00
0.000000000000000000e+00
0.000000000000000000e+00
0.000000000000000000e+00
0.000000000000000000e+00
0.000000000000000000e+00
0.000000000000000000e+00
0.000000000000000000e+00
0.000000000000000000e+00
0.000000000000000000e+00
0.000000000000000000e+00
0.000000000000000000e+00
0.000000000000000000e+00
0.000000000000000000e+00
0.000000000000000000e+00
0.000000000000000000e+00
0.000000000000000000e+00
0.000000000000000000e+00
0.000000000000000000e+00
0.000000000000000000e+00
0.000000000000000000e+00
0.000000000000000000e+00
0.000000000000000000e+00
0.000000000000000000e+00
0.000000000000000000e+00
0.000000000000000000e+00
0.000000000000000000e+00
0.000000000000000000e+00
0.000000000000000000e+00
0.000000000000000000e+00
0.000000000000000000e+00
0.000000000000000000e+00
0.000000000000000000e+00
0.000000000000000000e+00
0.000000000000000000e+00
0.000000000000000000e+00
0.000000000000000000e+00
0.000000000000000000e+00
0.000000000000000000e+00
0.000000000000000000e+00
0.000000000000000000e+00
0.000000000000000000e+00
0.000000000000000000e+00
0.000000000000000000e+00
0.000000000000000000e+00
0.000000000000000000e+00
0.000000000000000000e+00
0.000000000000000000e+00
0.000000000000000000e+00
0.000000000000000000e+00
0.000000000000000000e+00
0.000000000000000000e+00
0.000000000000000000e+00
0.000000000000000000e+00
0.000000000000000000e+00
0.000000000000000000e+00
0.000000000000000000e+00
0.000000000000000000e+00
0.000000000000000000e+00
0.000000000000000000e+00
0.000000000000000000e+00
0.000000000000000000e+00
0.000000000000000000e+00
0.000000000000000000e+00
0.000000000000000000e+00
0.000000000000000000e+00
0.000000000000000000e+00
0.000000000000000000e+00
0.000000000000000000e+00
0.000000000000000000e+00
0.000000000000000000e+00
0.000000000000000000e+00
0.000000000000000000e+00
0.000000000000000000e+00
0.000000000000000000e+00
0.000000000000000000e+00
0.000000000000000000e+00
0.000000000000000000e+00
0.000000000000000000e+00
0.000000000000000000e+00
0.000000000000000000e+00
0.000000000000000000e+00
0.000000000000000000e+00
0.000000000000000000e+00
0.000000000000000000e+00
0.000000000000000000e+00
0.000000000000000000e+00
0.000000000000000000e+00
0.000000000000000000e+00
0.000000000000000000e+00
0.000000000000000000e+00
0.000000000000000000e+00
0.000000000000000000e+00
0.000000000000000000e+00
0.000000000000000000e+00
0.000000000000000000e+00
0.000000000000000000e+00
0.000000000000000000e+00
0.000000000000000000e+00
0.000000000000000000e+00
0.000000000000000000e+00
0.000000000000000000e+00
0.000000000000000000e+00
0.000000000000000000e+00
0.000000000000000000e+00
0.000000000000000000e+00
0.000000000000000000e+00
0.000000000000000000e+00
0.000000000000000000e+00
0.000000000000000000e+00
0.000000000000000000e+00
0.000000000000000000e+00
0.000000000000000000e+00
0.000000000000000000e+00
0.000000000000000000e+00
0.000000000000000000e+00
0.000000000000000000e+00
0.000000000000000000e+00
0.000000000000000000e+00
0.000000000000000000e+00
0.000000000000000000e+00
0.000000000000000000e+00
0.000000000000000000e+00
0.000000000000000000e+00
0.000000000000000000e+00
0.000000000000000000e+00
0.000000000000000000e+00
0.000000000000000000e+00
0.000000000000000000e+00
0.000000000000000000e+00
0.000000000000000000e+00
0.000000000000000000e+00
0.000000000000000000e+00
0.000000000000000000e+00
0.000000000000000000e+00
0.000000000000000000e+00
0.000000000000000000e+00
0.000000000000000000e+00
0.000000000000000000e+00
0.000000000000000000e+00
0.000000000000000000e+00
0.000000000000000000e+00
0.000000000000000000e+00
0.000000000000000000e+00
0.000000000000000000e+00
0.000000000000000000e+00
0.000000000000000000e+00
0.000000000000000000e+00
0.000000000000000000e+00
0.000000000000000000e+00
0.000000000000000000e+00
0.000000000000000000e+00
0.000000000000000000e+00
0.000000000000000000e+00
0.000000000000000000e+00
0.000000000000000000e+00
