0.000000000000000000e+00
0.000000000000000000e+00
0.000000000000000000e+00
0.000000000000000000e+00
0.000000000000000000e+00
0.000000000000000000e+00
0.000000000000000000e+00
0.000000000000000000e+00
0.000000000000000000e+00
0.000000000000000000e+00
0.000000000000000000e+00
0.000000000000000000e+00
0.000000000000000000e+00
0.000000000000000000e+00
0.000000000000000000e+00
0.000000000000000000e+00
0.000000000000000000e+00
0.000000000000000000e+00
0.000000000000000000e+00
0.000000000000000000e+00
0.000000000000000000e+00
0.000000000000000000e+00
0.000000000000000000e+00
0.000000000000000000e+00
0.000000000000000000e+00
0.000000000000000000e+00
0.000000000000000000e+00
0.000000000000000000e+00
0.000000000000000000e+00
0.000000000000000000e+00
0.000000000000000000e+00
0.000000000000000000e+00
0.000000000000000000e+00
0.000000000000000000e+00
0.000000000000000000e+00
0.000000000000000000e+00
0.000000000000000000e+00
0.000000000000000000e+00
0.000000000000000000e+00
0.000000000000000000e+00
0.000000000000000000e+00
0.000000000000000000e+00
0.000000000000000000e+00
0.000000000000000000e+00
0.000000000000000000e+00
0.000000000000000000e+00
0.000000000000000000e+00
0.000000000000000000e+00
0.000000000000000000e+00
0.000000000000000000e+00
0.000000000000000000e+00
0.000000000000000000e+00
0.000000000000000000e+00
0.000000000000000000e+00
0.000000000000000000e+00
0.000000000000000000e+00
0.000000000000000000e+00
0.000000000000000000e+00
0.000000000000000000e+00
0.000000000000000000e+00
0.000000000000000000e+00
0.000000000000000000e+00
0.000000000000000000e+00
0.000000000000000000e+00
0.000000000000000000e+00
0.000000000000000000e+00
0.000000000000000000e+00
0.000000000000000000e+00
0.000000000000000000e+00
0.000000000000000000e+00
0.000000000000000000e+00
0.000000000000000000e+00
0.000000000000000000e+00
0.000000000000000000e+00
0.000000000000000000e+00
0.000000000000000000e+00
0.000000000000000000e+00
0.000000000000000000e+00
0.000000000000000000e+00
0.000000000000000000e+00
0.000000000000000000e+00
0.000000000000000000e+00
0.000000000000000000e+00
0.000000000000000000e+00
0.000000000000000000e+00
0.000000000000000000e+00
0.000000000000000000e+00
0.000000000000000000e+00
0.000000000000000000e+00
0.000000000000000000e+00
0.000000000000000000e+00
0.000000000000000000e+00
0.000000000000000000e+00
0.000000000000000000e+00
0.000000000000000000e+00
0.000000000000000000e+00
0.000000000000000000e+00
0.000000000000000000e+00
0.000000000000000000e+00
0.000000000000000000e+00
0.000000000000000000e+00
0.000000000000000000e+00
0.000000000000000000e+00
0.000000000000000000e+00
0.000000000000000000e+00
0.000000000000000000e+00
0.000000000000000000e+00
0.000000000000000000e+00
0.000000000000000000e+00
0.000000000000000000e+00
0.000000000000000000e+00
0.000000000000000000e+00
0.000000000000000000e+00
0.000000000000000000e+00
0.000000000000000000e+00
0.000000000000000000e+00
0.000000000000000000e+00
0.000000000000000000e+00
0.000000000000000000e+00
0.000000000000000000e+00
0.000000000000000000e+00
0.000000000000000000e+00
0.000000000000000000e+00
0.000000000000000000e+00
0.000000000000000000e+00
0.000000000000000000e+00
0.000000000000000000e+00
0.000000000000000000e+00
0.000000000000000000e+00
0.000000000000000000e+00
0.000000000000000000e+00
0.000000000000000000e+00
0.000000000000000000e+00
0.000000000000000000e+00
0.000000000000000000e+00
0.000000000000000000e+00
0.000000000000000000e+00
0.000000000000000000e+00
0.000000000000000000e+00
0.000000000000000000e+00
0.000000000000000000e+00
0.000000000000000000e+00
0.000000000000000000e+00
0.000000000000000000e+00
0.000000000000000000e+00
0.000000000000000000e+00
0.000000000000000000e+00
0.000000000000000000e+00
0.000000000000000000e+00
0.000000000000000000e+00
0.000000000000000000e+00
0.000000000000000000e+00
0.000000000000000000e+00
0.000000000000000000e+00
0.000000000000000000e+00
0.000000000000000000e+00
0.000000000000000000e+00
0.000000000000000000e+00
0.000000000000000000e+00
0.000000000000000000e+00
0.000000000000000000e+00
0.000000000000000000e+00
0.000000000000000000e+00
1.724891035337350331e-06
0.000000000000000000e+00
0.000000000000000000e+00
1.721758280837093480e-06
1.725224365145550109e-06
0.000000000000000000e+00
0.000000000000000000e+00
6.879764441691804677e-06
6.883665719215059653e-06
1.696840968179458287e-06
3.409587634450872429e-06
1.722460979181050789e-06
3.445688207648345269e-06
1.548345608171075583e-05
1.029226768878288567e-05
8.577776497986633331e-06
1.201500981551362202e-05
1.546029125165659934e-05
2.408644832030404359e-05
2.403958387731108814e-05
1.713145684334449470e-05
1.541644087410531938e-05
3.093077975790947676e-05
2.917011261160951108e-05
2.741136995609849691e-05
2.742473043326754123e-05
5.825022890348918736e-05
3.078026929870247841e-05
4.802226612810045481e-05
6.677790952380746603e-05
4.788984733750112355e-05
7.715450919931754470e-05
8.747184620006009936e-05
1.268652995349839330e-04
1.164412678917869925e-04
1.560592500027269125e-04
1.782145991455763578e-04
1.971933234017342329e-04
2.057944802800193429e-04
2.453281485941261053e-04
2.915045479312539101e-04
3.089523233938962221e-04
3.668442077469080687e-04
3.811351780313998461e-04
4.273537779226899147e-04
3.910158702638000250e-04
4.238966794218868017e-04
4.650300252251327038e-04
4.613586643245071173e-04
4.958675126545131207e-04
4.358996520750224590e-04
4.443908401299268007e-04
4.514824540819972754e-04
3.539345925673842430e-04
4.035520541947335005e-04
3.637464833445847034e-04
3.363307332620024681e-04
3.536987060215324163e-04
2.950757625512778759e-04
3.004884929396212101e-04
2.181966410716995597e-04
1.871004351414740086e-04
2.060221449937671423e-04
1.972442696569487453e-04
1.870453270385041833e-04
1.714304089546203613e-04
1.440714841010048985e-04
1.646702730795368552e-04
1.284923200728371739e-04
1.045399840222671628e-04
9.267684072256088257e-05
1.012488137348555028e-04
8.917500963434576988e-05
6.868634227430447936e-05
5.998771666781976819e-05
4.792537220055237412e-05
3.774669312406331301e-05
3.077826477237977087e-05
1.533933573227841407e-05
3.063619806198403239e-05
2.046029840130358934e-05
1.362122020509559661e-05
6.834677151346113533e-06
5.110839083499740809e-06
1.720022737572435290e-06
5.147262527316343039e-06
3.437789928284473717e-06
5.177853381610475481e-06
1.027465987135656178e-05
8.591860932938288897e-06
8.607356903667096049e-06
1.034180422720964998e-05
1.374622843286488205e-05
5.183406301512150094e-06
6.851886610093060881e-06
1.717691702651791275e-05
8.605303264630492777e-06
1.715525468171108514e-05
2.570731521700508893e-05
3.604642915888689458e-05
5.153108213562518358e-05
5.135164246894419193e-05
7.033742440398782492e-05
7.876578456489369273e-05
7.184127753134816885e-05
9.944007615558803082e-05
1.113846738007850945e-04
1.198715908685699105e-04
1.303615281358361244e-04
2.040359686361625791e-04
1.903143420349806547e-04
2.125403407262638211e-04
2.431190805509686470e-04
2.810460864566266537e-04
3.328100137878209352e-04
3.690244047902524471e-04
3.655348846223205328e-04
3.961934125982224941e-04
4.925304092466831207e-04
5.181758897379040718e-04
4.943259409628808498e-04
5.148328491486608982e-04
4.768382641486823559e-04
4.155150963924825191e-04
4.223457945045083761e-04
4.328456125222146511e-04
3.829129273071885109e-04
3.230182628612965345e-04
3.104538773186504841e-04
2.525278832763433456e-04
2.182314201490953565e-04
2.076274395221844316e-04
1.734973920974880457e-04
1.423501380486413836e-04
1.220226040459237993e-04
1.061937873600982130e-04
1.046257020789198577e-04
8.721606718609109521e-05
7.891890709288418293e-05
9.429635247215628624e-05
1.113262187573127449e-04
1.041968498611822724e-04
8.397669444093480706e-05
8.546804019715636969e-05
9.245757973985746503e-05
7.354636181844398379e-05
7.537277269875630736e-05
7.887605170253664255e-05
7.542085222667083144e-05
8.393719326704740524e-05
6.509821832878515124e-05
5.833326576976105571e-05
6.661628867732360959e-05
6.175021553644910455e-05
9.444886381970718503e-05
8.934816287364810705e-05
7.033088331809267402e-05
8.069386967690661550e-05
6.016596307745203376e-05
5.320878699421882629e-05
4.809901292901486158e-05
5.143380622030235827e-05
5.157488340046256781e-05
4.115452611586079001e-05
3.944815762224607170e-05
4.787402212969027460e-05
3.589849802665412426e-05
3.775649747694842517e-05
3.095382999163120985e-05
2.241683614556677639e-05
1.552347021060995758e-05
8.645743037050124258e-06
1.729403447825461626e-05
1.380866615363629535e-05
2.422320176265202463e-05
8.660343155497685075e-06
1.036814319377299398e-05
3.441163698880700395e-06
0.000000000000000000e+00
0.000000000000000000e+00
1.723888431115483399e-06
0.000000000000000000e+00
0.000000000000000000e+00
0.000000000000000000e+00
0.000000000000000000e+00
0.000000000000000000e+00
0.000000000000000000e+00
0.000000000000000000e+00
0.000000000000000000e+00
0.000000000000000000e+00
0.000000000000000000e+00
0.000000000000000000e+00
0.000000000000000000e+00
0.000000000000000000e+00
0.000000000000000000e+00
0.000000000000000000e+00
0.000000000000000000e+00
0.000000000000000000e+00
0.000000000000000000e+00
0.000000000000000000e+00
0.000000000000000000e+00
0.000000000000000000e+00
0.000000000000000000e+00
0.000000000000000000e+00
0.000000000000000000e+00
0.000000000000000000e+00
0.000000000000000000e+00
0.000000000000000000e+00
0.000000000000000000e+00
0.000000000000000000e+00
0.000000000000000000e+00
0.000000000000000000e+00
0.000000000000000000e+00
0.000000000000000000e+00
0.000000000000000000e+00
0.000000000000000000e+00
0.000000000000000000e+00
0.000000000000000000e+00
0.000000000000000000e+00
0.000000000000000000e+00
0.000000000000000000e+00
0.000000000000000000e+00
0.000000000000000000e+00
0.000000000000000000e+00
0.000000000000000000e+00
0.000000000000000000e+00
0.000000000000000000e+00
0.000000000000000000e+00
0.000000000000000000e+00
0.000000000000000000e+00
0.000000000000000000e+00
0.000000000000000000e+00
0.000000000000000000e+00
0.000000000000000000e+00
0.000000000000000000e+00
0.000000000000000000e+00
0.000000000000000000e+00
0.000000000000000000e+00
0.000000000000000000e+00
0.000000000000000000e+00
0.000000000000000000e+00
0.000000000000000000e+00
0.000000000000000000e+00
0.000000000000000000e+00
0.000000000000000000e+00
0.000000000000000000e+00
0.000000000000000000e+00
0.000000000000000000e+00
0.000000000000000000e+00
0.000000000000000000e+00
0.000000000000000000e+00
0.000000000000000000e+00
0.000000000000000000e+00
0.000000000000000000e+00
0.000000000000000000e+00
0.000000000000000000e+00
0.000000000000000000e+00
0.000000000000000000e+00
0.000000000000000000e+00
0.000000000000000000e+00
0.000000000000000000e+00
0.000000000000000000e+00
0.000000000000000000e+00
0.000000000000000000e+00
0.000000000000000000e+00
0.000000000000000000e+00
0.000000000000000000e+00
0.000000000000000000e+00
0.000000000000000000e+00
0.000000000000000000e+00
0.000000000000000000e+00
0.000000000000000000e+00
0.000000000000000000e+00
0.000000000000000000e+00
0.000000000000000000e+00
0.000000000000000000e+00
0.000000000000000000e+00
0.000000000000000000e+00
0.000000000000000000e+00
0.000000000000000000e+00
0.000000000000000000e+00
0.000000000000000000e+00
0.000000000000000000e+00
0.000000000000000000e+00
0.000000000000000000e+00
0.000000000000000000e+00
0.000000000000000000e+00
0.000000000000000000e+00
0.000000000000000000e+00
0.000000000000000000e+00
0.000000000000000000e+00
0.000000000000000000e+00
0.000000000000000000e+00
0.000000000000000000e+00
0.000000000000000000e+00
0.000000000000000000e+00
0.000000000000000000e+00
0.000000000000000000e+00
0.000000000000000000e+00
0.000000000000000000e+00
0.000000000000000000e+00
0.000000000000000000e+00
0.000000000000000000e+00
0.000000000000000000e+00
0.000000000000000000e+00
0.000000000000000000e+00
0.000000000000000000e+00
0.000000000000000000e+00
0.000000000000000000e+00
0.000000000000000000e+00
0.000000000000000000e+00
0.000000000000000000e+00
0.000000000000000000e+00
0.000000000000000000e+00
0.000000000000000000e+00
0.000000000000000000e+00
0.000000000000000000e+00
0.000000000000000000e+00
0.000000000000000000e+00
0.000000000000000000e+00
0.000000000000000000e+00
0.000000000000000000e+00
0.000000000000000000e+00
0.000000000000000000e+00
0.000000000000000000e+00
0.000000000000000000e+00
0.000000000000000000e+00
0.000000000000000000e+00
0.000000000000000000e+00
0.000000000000000000e+00
0.000000000000000000e+00
0.000000000000000000e+00
0.000000000000000000e+00
0.000000000000000000e+00
0.000000000000000000e+00
0.000000000000000000e+00
0.000000000000000000e+00
