0.000000000000000000e+00
0.000000000000000000e+00
0.000000000000000000e+00
0.000000000000000000e+00
0.000000000000000000e+00
0.000000000000000000e+00
0.000000000000000000e+00
0.000000000000000000e+00
0.000000000000000000e+00
0.000000000000000000e+00
0.000000000000000000e+00
0.000000000000000000e+00
0.000000000000000000e+00
0.000000000000000000e+00
0.000000000000000000e+00
0.000000000000000000e+00
0.000000000000000000e+00
0.000000000000000000e+00
0.000000000000000000e+00
0.000000000000000000e+00
0.000000000000000000e+00
0.000000000000000000e+00
0.000000000000000000e+00
0.000000000000000000e+00
0.000000000000000000e+00
0.000000000000000000e+00
0.000000000000000000e+00
0.000000000000000000e+00
0.000000000000000000e+00
0.000000000000000000e+00
0.000000000000000000e+00
0.000000000000000000e+00
0.000000000000000000e+00
0.000000000000000000e+00
0.000000000000000000e+00
0.000000000000000000e+00
0.000000000000000000e+00
0.000000000000000000e+00
0.000000000000000000e+00
0.000000000000000000e+00
0.000000000000000000e+00
0.000000000000000000e+00
0.000000000000000000e+00
0.000000000000000000e+00
0.000000000000000000e+00
0.000000000000000000e+00
0.000000000000000000e+00
0.000000000000000000e+00
0.000000000000000000e+00
0.000000000000000000e+00
0.000000000000000000e+00
0.000000000000000000e+00
0.000000000000000000e+00
0.000000000000000000e+00
0.000000000000000000e+00
0.000000000000000000e+00
0.000000000000000000e+00
0.000000000000000000e+00
0.000000000000000000e+00
0.000000000000000000e+00
0.000000000000000000e+00
0.000000000000000000e+00
0.000000000000000000e+00
0.000000000000000000e+00
0.000000000000000000e+00
0.000000000000000000e+00
0.000000000000000000e+00
0.000000000000000000e+00
0.000000000000000000e+00
0.000000000000000000e+00
0.000000000000000000e+00
0.000000000000000000e+00
0.000000000000000000e+00
0.000000000000000000e+00
0.000000000000000000e+00
0.000000000000000000e+00
0.000000000000000000e+00
0.000000000000000000e+00
0.000000000000000000e+00
0.000000000000000000e+00
0.000000000000000000e+00
0.000000000000000000e+00
0.000000000000000000e+00
0.000000000000000000e+00
0.000000000000000000e+00
0.000000000000000000e+00
0.000000000000000000e+00
0.000000000000000000e+00
0.000000000000000000e+00
0.000000000000000000e+00
0.000000000000000000e+00
0.000000000000000000e+00
0.000000000000000000e+00
0.000000000000000000e+00
0.000000000000000000e+00
0.000000000000000000e+00
0.000000000000000000e+00
0.000000000000000000e+00
0.000000000000000000e+00
0.000000000000000000e+00
0.000000000000000000e+00
0.000000000000000000e+00
0.000000000000000000e+00
0.000000000000000000e+00
0.000000000000000000e+00
0.000000000000000000e+00
0.000000000000000000e+00
0.000000000000000000e+00
0.000000000000000000e+00
0.000000000000000000e+00
0.000000000000000000e+00
0.000000000000000000e+00
0.000000000000000000e+00
0.000000000000000000e+00
0.000000000000000000e+00
0.000000000000000000e+00
0.000000000000000000e+00
0.000000000000000000e+00
0.000000000000000000e+00
0.000000000000000000e+00
0.000000000000000000e+00
0.000000000000000000e+00
0.000000000000000000e+00
0.000000000000000000e+00
0.000000000000000000e+00
0.000000000000000000e+00
0.000000000000000000e+00
0.000000000000000000e+00
0.000000000000000000e+00
0.000000000000000000e+00
0.000000000000000000e+00
0.000000000000000000e+00
0.000000000000000000e+00
0.000000000000000000e+00
0.000000000000000000e+00
0.000000000000000000e+00
0.000000000000000000e+00
0.000000000000000000e+00
0.000000000000000000e+00
0.000000000000000000e+00
0.000000000000000000e+00
0.000000000000000000e+00
0.000000000000000000e+00
0.000000000000000000e+00
0.000000000000000000e+00
0.000000000000000000e+00
0.000000000000000000e+00
0.000000000000000000e+00
0.000000000000000000e+00
0.000000000000000000e+00
0.000000000000000000e+00
0.000000000000000000e+00
0.000000000000000000e+00
0.000000000000000000e+00
0.000000000000000000e+00
0.000000000000000000e+00
0.000000000000000000e+00
0.000000000000000000e+00
0.000000000000000000e+00
0.000000000000000000e+00
0.000000000000000000e+00
0.000000000000000000e+00
0.000000000000000000e+00
0.000000000000000000e+00
0.000000000000000000e+00
0.000000000000000000e+00
0.000000000000000000e+00
0.000000000000000000e+00
3.431568075029645115e-06
3.444351250436739065e-06
8.607267773186322302e-06
1.372643782815430313e-05
2.059253893094137311e-05
2.926261731772683561e-05
1.719001375022344291e-05
1.715904909360688180e-05
2.913851676566991955e-05
1.376885029458208010e-05
2.572826633695513010e-05
2.753101944108493626e-05
3.255327101214788854e-05
4.980688390787690878e-05
5.328584302333183587e-05
5.832899842062033713e-05
7.047452527331188321e-05
5.836226409883238375e-05
5.832540773553773761e-05
8.584031456848606467e-05
1.184060965897515416e-04
1.062597439158707857e-04
1.473279698984697461e-04
1.695648388704285026e-04
1.561114768264815211e-04
1.645781740080565214e-04
1.559888041811063886e-04
1.510115398559719324e-04
1.940206129802390933e-04
1.682359870756044984e-04
1.391870464431121945e-04
1.406347728334367275e-04
1.288216153625398874e-04
1.080744550563395023e-04
9.618855983717367053e-05
9.779736137716099620e-05
9.431155194761231542e-05
7.707808981649577618e-05
7.708733028266578913e-05
7.537950295954942703e-05
9.234024764737114310e-05
1.026643949444405735e-04
9.252280869986861944e-05
9.735566709423437715e-05
8.214425179176032543e-05
7.368280785158276558e-05
9.757561929291114211e-05
1.335811975877732038e-04
1.526354899397119880e-04
1.357729634037241340e-04
1.735667319735512137e-04
2.043932036031037569e-04
2.405370614724233747e-04
3.108849923592060804e-04
2.937208919320255518e-04
3.914697153959423304e-04
4.707174375653266907e-04
4.855393781326711178e-04
5.409396253526210785e-04
5.649405065923929214e-04
4.986994317732751369e-04
5.456311046145856380e-04
4.663494764827191830e-04
4.459921619854867458e-04
4.594866768456995487e-04
3.207814879715442657e-04
2.863596600946038961e-04
2.296939637744799256e-04
2.194545813836157322e-04
1.424104702891781926e-04
1.269929925911128521e-04
9.599152690498158336e-05
5.663339834427461028e-05
4.621439074981026351e-05
3.608415863709524274e-05
2.241850961581803858e-05
2.753325861704070121e-05
3.262821701355278492e-05
3.090737300226464868e-05
1.883978075056802481e-05
2.398575816187076271e-05
1.719047031656373292e-05
1.720954242045991123e-05
2.746569953160360456e-05
4.465835809241980314e-05
5.487060843734070659e-05
5.315338057698681951e-05
7.895800808910280466e-05
1.063152303686365485e-04
1.181677143904380500e-04
1.063433082890696824e-04
1.095969419111497700e-04
9.939574374584481120e-05
9.067444625543430448e-05
9.082158067030832171e-05
5.834481999045237899e-05
6.167533138068392873e-05
7.547613495262339711e-05
8.381278166780248284e-05
1.009689221973530948e-04
1.335330161964520812e-04
1.659805566305294633e-04
1.453984878025949001e-04
1.951855520019307733e-04
1.883656514110043645e-04
2.089486515615135431e-04
3.104569332208484411e-04
3.209480782970786095e-04
3.962123591918498278e-04
4.768770886585116386e-04
4.826422082260251045e-04
5.327287944965064526e-04
5.496601224876940250e-04
5.543087027035653591e-04
5.681894253939390182e-04
5.580902216024696827e-04
5.218697478994727135e-04
4.908966948278248310e-04
3.984741051681339741e-04
3.642677329480648041e-04
3.981483168900012970e-04
3.433974052313715219e-04
3.297224175184965134e-04
3.156788006890565157e-04
2.589127689134329557e-04
2.126393956132233143e-04
1.645398006075993180e-04
1.627071615075692534e-04
1.559744996484369040e-04
1.505021937191486359e-04
1.267118932446464896e-04
9.246573608834296465e-05
4.447862011147662997e-05
3.588246181607246399e-05
3.262496466049924493e-05
1.884660377982072532e-05
2.743752702372148633e-05
1.371338930766796693e-05
1.203535703098168597e-05
5.180515472602564842e-06
1.201623308588750660e-05
1.203089504997478798e-05
5.165870334167266265e-06
5.180190328246681020e-06
0.000000000000000000e+00
1.728506958897924051e-06
1.727007656882051378e-06
5.197857717575971037e-06
1.739154185997904278e-06
0.000000000000000000e+00
1.726027790027728770e-06
0.000000000000000000e+00
0.000000000000000000e+00
0.000000000000000000e+00
0.000000000000000000e+00
0.000000000000000000e+00
0.000000000000000000e+00
0.000000000000000000e+00
0.000000000000000000e+00
0.000000000000000000e+00
0.000000000000000000e+00
0.000000000000000000e+00
0.000000000000000000e+00
0.000000000000000000e+00
0.000000000000000000e+00
0.000000000000000000e+00
0.000000000000000000e+00
0.000000000000000000e+00
0.000000000000000000e+00
0.000000000000000000e+00
0.000000000000000000e+00
0.000000000000000000e+00
0.000000000000000000e+00
0.000000000000000000e+00
0.000000000000000000e+00
0.000000000000000000e+00
0.000000000000000000e+00
0.000000000000000000e+00
0.000000000000000000e+00
0.000000000000000000e+00
0.000000000000000000e+00
0.000000000000000000e+00
0.000000000000000000e+00
0.000000000000000000e+00
0.000000000000000000e+00
0.000000000000000000e+00
0.000000000000000000e+00
0.000000000000000000e+00
0.000000000000000000e+00
0.000000000000000000e+00
0.000000000000000000e+00
0.000000000000000000e+00
0.000000000000000000e+00
0.000000000000000000e+00
0.000000000000000000e+00
0.000000000000000000e+00
0.000000000000000000e+00
0.000000000000000000e+00
0.000000000000000000e+00
0.000000000000000000e+00
0.000000000000000000e+00
0.000000000000000000e+00
0.000000000000000000e+00
0.000000000000000000e+00
0.000000000000000000e+00
0.000000000000000000e+00
0.000000000000000000e+00
0.000000000000000000e+00
0.000000000000000000e+00
0.000000000000000000e+00
0.000000000000000000e+00
0.000000000000000000e+00
0.000000000000000000e+00
0.000000000000000000e+00
0.000000000000000000e+00
0.000000000000000000e+00
0.000000000000000000e+00
0.000000000000000000e+00
0.000000000000000000e+00
0.000000000000000000e+00
0.000000000000000000e+00
0.000000000000000000e+00
0.000000000000000000e+00
0.000000000000000000e+00
0.000000000000000000e+00
0.000000000000000000e+00
0.000000000000000000e+00
0.000000000000000000e+00
0.000000000000000000e+00
0.000000000000000000e+00
0.000000000000000000e+00
0.000000000000000000e+00
0.000000000000000000e+00
0.000000000000000000e+00
0.000000000000000000e+00
0.000000000000000000e+00
0.000000000000000000e+00
0.000000000000000000e+00
0.000000000000000000e+00
0.000000000000000000e+00
0.000000000000000000e+00
0.000000000000000000e+00
0.000000000000000000e+00
0.000000000000000000e+00
0.000000000000000000e+00
0.000000000000000000e+00
0.000000000000000000e+00
0.000000000000000000e+00
0.000000000000000000e+00
0.000000000000000000e+00
0.000000000000000000e+00
0.000000000000000000e+00
0.000000000000000000e+00
0.000000000000000000e+00
0.000000000000000000e+00
0.000000000000000000e+00
0.000000000000000000e+00
0.000000000000000000e+00
0.000000000000000000e+00
0.000000000000000000e+00
0.000000000000000000e+00
0.000000000000000000e+00
0.000000000000000000e+00
0.000000000000000000e+00
0.000000000000000000e+00
0.000000000000000000e+00
0.000000000000000000e+00
0.000000000000000000e+00
0.000000000000000000e+00
0.000000000000000000e+00
0.000000000000000000e+00
0.000000000000000000e+00
0.000000000000000000e+00
0.000000000000000000e+00
0.000000000000000000e+00
0.000000000000000000e+00
0.000000000000000000e+00
0.000000000000000000e+00
0.000000000000000000e+00
0.000000000000000000e+00
0.000000000000000000e+00
0.000000000000000000e+00
0.000000000000000000e+00
0.000000000000000000e+00
0.000000000000000000e+00
0.000000000000000000e+00
0.000000000000000000e+00
0.000000000000000000e+00
0.000000000000000000e+00
0.000000000000000000e+00
0.000000000000000000e+00
0.000000000000000000e+00
0.000000000000000000e+00
0.000000000000000000e+00
0.000000000000000000e+00
0.000000000000000000e+00
0.000000000000000000e+00
0.000000000000000000e+00
0.000000000000000000e+00
0.000000000000000000e+00
0.000000000000000000e+00
0.000000000000000000e+00
0.000000000000000000e+00
0.000000000000000000e+00
0.000000000000000000e+00
0.000000000000000000e+00
0.000000000000000000e+00
0.000000000000000000e+00
0.000000000000000000e+00
0.000000000000000000e+00
0.000000000000000000e+00
0.000000000000000000e+00
0.000000000000000000e+00
0.000000000000000000e+00
0.000000000000000000e+00
0.000000000000000000e+00
0.000000000000000000e+00
0.000000000000000000e+00
0.000000000000000000e+00
0.000000000000000000e+00
0.000000000000000000e+00
0.000000000000000000e+00
0.000000000000000000e+00
0.000000000000000000e+00
0.000000000000000000e+00
0.000000000000000000e+00
0.000000000000000000e+00
0.000000000000000000e+00
0.000000000000000000e+00
0.000000000000000000e+00
0.000000000000000000e+00
0.000000000000000000e+00
