0.000000000000000000e+00
0.000000000000000000e+00
0.000000000000000000e+00
0.000000000000000000e+00
0.000000000000000000e+00
0.000000000000000000e+00
0.000000000000000000e+00
0.000000000000000000e+00
0.000000000000000000e+00
0.000000000000000000e+00
0.000000000000000000e+00
0.000000000000000000e+00
0.000000000000000000e+00
0.000000000000000000e+00
0.000000000000000000e+00
0.000000000000000000e+00
0.000000000000000000e+00
0.000000000000000000e+00
0.000000000000000000e+00
0.000000000000000000e+00
0.000000000000000000e+00
0.000000000000000000e+00
0.000000000000000000e+00
0.000000000000000000e+00
0.000000000000000000e+00
0.000000000000000000e+00
0.000000000000000000e+00
0.000000000000000000e+00
0.000000000000000000e+00
0.000000000000000000e+00
0.000000000000000000e+00
0.000000000000000000e+00
0.000000000000000000e+00
0.000000000000000000e+00
0.000000000000000000e+00
0.000000000000000000e+00
0.000000000000000000e+00
0.000000000000000000e+00
0.000000000000000000e+00
0.000000000000000000e+00
0.000000000000000000e+00
0.000000000000000000e+00
0.000000000000000000e+00
0.000000000000000000e+00
0.000000000000000000e+00
0.000000000000000000e+00
0.000000000000000000e+00
0.000000000000000000e+00
0.000000000000000000e+00
0.000000000000000000e+00
0.000000000000000000e+00
0.000000000000000000e+00
0.000000000000000000e+00
0.000000000000000000e+00
0.000000000000000000e+00
0.000000000000000000e+00
0.000000000000000000e+00
0.000000000000000000e+00
0.000000000000000000e+00
0.000000000000000000e+00
0.000000000000000000e+00
0.000000000000000000e+00
0.000000000000000000e+00
0.000000000000000000e+00
0.000000000000000000e+00
0.000000000000000000e+00
0.000000000000000000e+00
0.000000000000000000e+00
0.000000000000000000e+00
0.000000000000000000e+00
0.000000000000000000e+00
0.000000000000000000e+00
0.000000000000000000e+00
0.000000000000000000e+00
0.000000000000000000e+00
0.000000000000000000e+00
0.000000000000000000e+00
0.000000000000000000e+00
0.000000000000000000e+00
0.000000000000000000e+00
0.000000000000000000e+00
0.000000000000000000e+00
1.711706886453612242e-06
0.000000000000000000e+00
3.445499487497727387e-06
6.875146937090903521e-06
5.149835942575009540e-06
1.722953129501547664e-06
5.178747869649669155e-06
5.163059086044086143e-06
3.433332040003733709e-06
1.714480731607181951e-06
1.713081587695342023e-06
8.587398951931390911e-06
5.165628408576594666e-06
8.586874173488467932e-06
6.884861704747891054e-06
8.566623364458791912e-06
1.721011176414322108e-05
1.891367355710826814e-05
1.539602271805051714e-05
1.888487713586073369e-05
1.028253700496861711e-05
2.569973730714991689e-05
2.905116889451164752e-05
3.251996895414777100e-05
2.394325201748870313e-05
3.426058901823125780e-05
4.798754162038676441e-05
4.975397314410656691e-05
5.835478077642619610e-05
7.557267963420599699e-05
7.890731649240478873e-05
1.133065088652074337e-04
1.324270269833505154e-04
1.664941664785146713e-04
1.717166014714166522e-04
2.283930225530639291e-04
2.455911017023026943e-04
2.815111947711557150e-04
3.745169669855386019e-04
3.780216793529689312e-04
4.464649246074259281e-04
4.431824199855327606e-04
3.931224055122584105e-04
4.790968087036162615e-04
4.139329539611935616e-04
4.567818250507116318e-04
3.812233626376837492e-04
3.928130026906728745e-04
3.894694382324814796e-04
4.083893727511167526e-04
4.116137861274182796e-04
3.636805922724306583e-04
3.328788734506815672e-04
3.053976397495716810e-04
2.504615113139152527e-04
3.089596866630017757e-04
2.487547462806105614e-04
2.469175960868597031e-04
1.800799946067854762e-04
2.145389007637277246e-04
2.024682617047801614e-04
1.971581223187968135e-04
1.646219316171482205e-04
1.748338690958917141e-04
1.234030496561899781e-04
1.248320913873612881e-04
9.744237468112260103e-05
8.717952005099505186e-05
6.155508890515193343e-05
8.025787246879190207e-05
5.132757723913528025e-05
5.640925519401207566e-05
5.818548743263818324e-05
9.081251482712104917e-05
7.554332842119038105e-05
7.020590419415384531e-05
7.682804425712674856e-05
8.371580042876303196e-05
7.711414946243166924e-05
5.475015495903789997e-05
7.690216443734243512e-05
3.235794429201632738e-05
3.926791760022751987e-05
3.597746035666204989e-05
2.551723264332395047e-05
1.193220941786421463e-05
3.399646175239467993e-06
1.702647864476602990e-06
0.000000000000000000e+00
1.689691316641983576e-06
1.704005967440025415e-06
0.000000000000000000e+00
0.000000000000000000e+00
0.000000000000000000e+00
0.000000000000000000e+00
0.000000000000000000e+00
0.000000000000000000e+00
0.000000000000000000e+00
0.000000000000000000e+00
0.000000000000000000e+00
0.000000000000000000e+00
0.000000000000000000e+00
0.000000000000000000e+00
0.000000000000000000e+00
0.000000000000000000e+00
0.000000000000000000e+00
0.000000000000000000e+00
0.000000000000000000e+00
0.000000000000000000e+00
0.000000000000000000e+00
0.000000000000000000e+00
0.000000000000000000e+00
0.000000000000000000e+00
0.000000000000000000e+00
0.000000000000000000e+00
0.000000000000000000e+00
0.000000000000000000e+00
0.000000000000000000e+00
0.000000000000000000e+00
0.000000000000000000e+00
0.000000000000000000e+00
0.000000000000000000e+00
0.000000000000000000e+00
0.000000000000000000e+00
0.000000000000000000e+00
0.000000000000000000e+00
0.000000000000000000e+00
0.000000000000000000e+00
0.000000000000000000e+00
0.000000000000000000e+00
0.000000000000000000e+00
0.000000000000000000e+00
0.000000000000000000e+00
0.000000000000000000e+00
0.000000000000000000e+00
0.000000000000000000e+00
0.000000000000000000e+00
0.000000000000000000e+00
0.000000000000000000e+00
0.000000000000000000e+00
0.000000000000000000e+00
0.000000000000000000e+00
0.000000000000000000e+00
0.000000000000000000e+00
0.000000000000000000e+00
0.000000000000000000e+00
0.000000000000000000e+00
0.000000000000000000e+00
0.000000000000000000e+00
0.000000000000000000e+00
0.000000000000000000e+00
0.000000000000000000e+00
0.000000000000000000e+00
0.000000000000000000e+00
0.000000000000000000e+00
0.000000000000000000e+00
0.000000000000000000e+00
0.000000000000000000e+00
0.000000000000000000e+00
0.000000000000000000e+00
0.000000000000000000e+00
0.000000000000000000e+00
0.000000000000000000e+00
0.000000000000000000e+00
0.000000000000000000e+00
0.000000000000000000e+00
0.000000000000000000e+00
0.000000000000000000e+00
0.000000000000000000e+00
0.000000000000000000e+00
0.000000000000000000e+00
0.000000000000000000e+00
0.000000000000000000e+00
0.000000000000000000e+00
0.000000000000000000e+00
0.000000000000000000e+00
0.000000000000000000e+00
0.000000000000000000e+00
0.000000000000000000e+00
0.000000000000000000e+00
0.000000000000000000e+00
0.000000000000000000e+00
0.000000000000000000e+00
0.000000000000000000e+00
0.000000000000000000e+00
0.000000000000000000e+00
0.000000000000000000e+00
0.000000000000000000e+00
0.000000000000000000e+00
0.000000000000000000e+00
0.000000000000000000e+00
0.000000000000000000e+00
0.000000000000000000e+00
0.000000000000000000e+00
0.000000000000000000e+00
0.000000000000000000e+00
0.000000000000000000e+00
0.000000000000000000e+00
0.000000000000000000e+00
0.000000000000000000e+00
0.000000000000000000e+00
0.000000000000000000e+00
0.000000000000000000e+00
0.000000000000000000e+00
0.000000000000000000e+00
0.000000000000000000e+00
0.000000000000000000e+00
0.000000000000000000e+00
0.000000000000000000e+00
0.000000000000000000e+00
0.000000000000000000e+00
0.000000000000000000e+00
0.000000000000000000e+00
0.000000000000000000e+00
0.000000000000000000e+00
0.000000000000000000e+00
0.000000000000000000e+00
0.000000000000000000e+00
0.000000000000000000e+00
0.000000000000000000e+00
0.000000000000000000e+00
0.000000000000000000e+00
0.000000000000000000e+00
0.000000000000000000e+00
0.000000000000000000e+00
0.000000000000000000e+00
0.000000000000000000e+00
0.000000000000000000e+00
0.000000000000000000e+00
0.000000000000000000e+00
0.000000000000000000e+00
0.000000000000000000e+00
0.000000000000000000e+00
0.000000000000000000e+00
0.000000000000000000e+00
0.000000000000000000e+00
0.000000000000000000e+00
1.717177383397938684e-06
3.400987452550907619e-06
1.022970900521613657e-05
5.130115368956467137e-06
1.367352342640515417e-05
1.368466109852306545e-05
1.533464455860666931e-05
6.829390258644707501e-06
1.877328759292140603e-05
1.369944038742687553e-05
1.370638801745371893e-05
3.082172770518809557e-05
2.217725705122575164e-05
2.906983900174964219e-05
5.140677239978685975e-05
6.344544090097770095e-05
5.472343764267861843e-05
1.062450683093629777e-04
1.230850175488740206e-04
1.608253078302368522e-04
1.628792379051446915e-04
1.833753776736557484e-04
2.054300130112096667e-04
1.899901399156078696e-04
1.918372727232053876e-04
1.986602728720754385e-04
1.544548576930537820e-04
1.714920072117820382e-04
1.597798982402309775e-04
1.563552359584718943e-04
1.821452169679105282e-04
1.958703214768320322e-04
1.597810187377035618e-04
1.838634780142456293e-04
2.045680739684030414e-04
1.888876140583306551e-04
1.871466229204088449e-04
2.283107023686170578e-04
2.553730737417936325e-04
2.316889876965433359e-04
2.623620675876736641e-04
2.180008159484714270e-04
2.538138942327350378e-04
3.361955459695309401e-04
2.896704245358705521e-04
2.552201913204044104e-04
2.691870904527604580e-04
2.983571903314441442e-04
2.813315659295767546e-04
3.001470468007028103e-04
3.054022381547838449e-04
3.294202033430337906e-04
3.208016569260507822e-04
3.546431253198534250e-04
2.986189210787415504e-04
3.091136459261178970e-04
3.120626206509768963e-04
2.970445784740149975e-04
2.884508576244115829e-04
2.766413381323218346e-04
2.592071541585028172e-04
2.200115850428119302e-04
1.599434326635673642e-04
1.802579499781131744e-04
1.633781794225797057e-04
1.443686778657138348e-04
1.049056154442951083e-04
1.014533117995597422e-04
7.899972115410491824e-05
4.278345295460894704e-05
6.010088327457197011e-05
3.438403655309230089e-05
2.235780084447469562e-05
1.201953909912845120e-05
3.424526767048519105e-06
3.450709527896833606e-06
3.429467369642225094e-06
6.908212526468560100e-06
0.000000000000000000e+00
1.732797954900888726e-06
0.000000000000000000e+00
0.000000000000000000e+00
0.000000000000000000e+00
0.000000000000000000e+00
0.000000000000000000e+00
0.000000000000000000e+00
0.000000000000000000e+00
0.000000000000000000e+00
0.000000000000000000e+00
0.000000000000000000e+00
0.000000000000000000e+00
0.000000000000000000e+00
0.000000000000000000e+00
0.000000000000000000e+00
0.000000000000000000e+00
0.000000000000000000e+00
0.000000000000000000e+00
0.000000000000000000e+00
0.000000000000000000e+00
0.000000000000000000e+00
0.000000000000000000e+00
0.000000000000000000e+00
0.000000000000000000e+00
0.000000000000000000e+00
0.000000000000000000e+00
0.000000000000000000e+00
0.000000000000000000e+00
0.000000000000000000e+00
0.000000000000000000e+00
0.000000000000000000e+00
0.000000000000000000e+00
0.000000000000000000e+00
0.000000000000000000e+00
0.000000000000000000e+00
0.000000000000000000e+00
0.000000000000000000e+00
0.000000000000000000e+00
0.000000000000000000e+00
0.000000000000000000e+00
0.000000000000000000e+00
0.000000000000000000e+00
0.000000000000000000e+00
0.000000000000000000e+00
0.000000000000000000e+00
0.000000000000000000e+00
0.000000000000000000e+00
0.000000000000000000e+00
0.000000000000000000e+00
0.000000000000000000e+00
0.000000000000000000e+00
0.000000000000000000e+00
0.000000000000000000e+00
0.000000000000000000e+00
0.000000000000000000e+00
0.000000000000000000e+00
0.000000000000000000e+00
0.000000000000000000e+00
0.000000000000000000e+00
0.000000000000000000e+00
0.000000000000000000e+00
0.000000000000000000e+00
0.000000000000000000e+00
0.000000000000000000e+00
0.000000000000000000e+00
0.000000000000000000e+00
0.000000000000000000e+00
0.000000000000000000e+00
0.000000000000000000e+00
0.000000000000000000e+00
0.000000000000000000e+00
0.000000000000000000e+00
0.000000000000000000e+00
0.000000000000000000e+00
0.000000000000000000e+00
0.000000000000000000e+00
0.000000000000000000e+00
0.000000000000000000e+00
0.000000000000000000e+00
0.000000000000000000e+00
0.000000000000000000e+00
0.000000000000000000e+00
0.000000000000000000e+00
0.000000000000000000e+00
0.000000000000000000e+00
0.000000000000000000e+00
0.000000000000000000e+00
0.000000000000000000e+00
0.000000000000000000e+00
0.000000000000000000e+00
0.000000000000000000e+00
0.000000000000000000e+00
0.000000000000000000e+00
0.000000000000000000e+00
0.000000000000000000e+00
0.000000000000000000e+00
0.000000000000000000e+00
0.000000000000000000e+00
0.000000000000000000e+00
0.000000000000000000e+00
0.000000000000000000e+00
0.000000000000000000e+00
