0.000000000000000000e+00
0.000000000000000000e+00
0.000000000000000000e+00
0.000000000000000000e+00
0.000000000000000000e+00
0.000000000000000000e+00
0.000000000000000000e+00
0.000000000000000000e+00
0.000000000000000000e+00
0.000000000000000000e+00
0.000000000000000000e+00
0.000000000000000000e+00
0.000000000000000000e+00
0.000000000000000000e+00
0.000000000000000000e+00
0.000000000000000000e+00
0.000000000000000000e+00
0.000000000000000000e+00
0.000000000000000000e+00
0.000000000000000000e+00
0.000000000000000000e+00
0.000000000000000000e+00
0.000000000000000000e+00
0.000000000000000000e+00
0.000000000000000000e+00
0.000000000000000000e+00
0.000000000000000000e+00
0.000000000000000000e+00
0.000000000000000000e+00
0.000000000000000000e+00
0.000000000000000000e+00
0.000000000000000000e+00
0.000000000000000000e+00
0.000000000000000000e+00
0.000000000000000000e+00
0.000000000000000000e+00
0.000000000000000000e+00
0.000000000000000000e+00
0.000000000000000000e+00
0.000000000000000000e+00
0.000000000000000000e+00
0.000000000000000000e+00
0.000000000000000000e+00
0.000000000000000000e+00
0.000000000000000000e+00
0.000000000000000000e+00
0.000000000000000000e+00
0.000000000000000000e+00
0.000000000000000000e+00
0.000000000000000000e+00
0.000000000000000000e+00
0.000000000000000000e+00
0.000000000000000000e+00
0.000000000000000000e+00
0.000000000000000000e+00
0.000000000000000000e+00
0.000000000000000000e+00
0.000000000000000000e+00
0.000000000000000000e+00
0.000000000000000000e+00
0.000000000000000000e+00
0.000000000000000000e+00
0.000000000000000000e+00
0.000000000000000000e+00
0.000000000000000000e+00
0.000000000000000000e+00
0.000000000000000000e+00
0.000000000000000000e+00
0.000000000000000000e+00
0.000000000000000000e+00
0.000000000000000000e+00
0.000000000000000000e+00
0.000000000000000000e+00
0.000000000000000000e+00
0.000000000000000000e+00
0.000000000000000000e+00
0.000000000000000000e+00
0.000000000000000000e+00
0.000000000000000000e+00
0.000000000000000000e+00
0.000000000000000000e+00
0.000000000000000000e+00
0.000000000000000000e+00
0.000000000000000000e+00
0.000000000000000000e+00
0.000000000000000000e+00
0.000000000000000000e+00
0.000000000000000000e+00
0.000000000000000000e+00
0.000000000000000000e+00
0.000000000000000000e+00
0.000000000000000000e+00
0.000000000000000000e+00
0.000000000000000000e+00
0.000000000000000000e+00
0.000000000000000000e+00
0.000000000000000000e+00
0.000000000000000000e+00
0.000000000000000000e+00
0.000000000000000000e+00
0.000000000000000000e+00
0.000000000000000000e+00
0.000000000000000000e+00
0.000000000000000000e+00
0.000000000000000000e+00
0.000000000000000000e+00
0.000000000000000000e+00
0.000000000000000000e+00
0.000000000000000000e+00
0.000000000000000000e+00
0.000000000000000000e+00
0.000000000000000000e+00
0.000000000000000000e+00
0.000000000000000000e+00
0.000000000000000000e+00
0.000000000000000000e+00
0.000000000000000000e+00
0.000000000000000000e+00
0.000000000000000000e+00
0.000000000000000000e+00
0.000000000000000000e+00
0.000000000000000000e+00
0.000000000000000000e+00
0.000000000000000000e+00
0.000000000000000000e+00
0.000000000000000000e+00
0.000000000000000000e+00
0.000000000000000000e+00
0.000000000000000000e+00
0.000000000000000000e+00
0.000000000000000000e+00
0.000000000000000000e+00
0.000000000000000000e+00
0.000000000000000000e+00
0.000000000000000000e+00
0.000000000000000000e+00
0.000000000000000000e+00
0.000000000000000000e+00
0.000000000000000000e+00
0.000000000000000000e+00
0.000000000000000000e+00
0.000000000000000000e+00
0.000000000000000000e+00
0.000000000000000000e+00
0.000000000000000000e+00
0.000000000000000000e+00
0.000000000000000000e+00
0.000000000000000000e+00
0.000000000000000000e+00
0.000000000000000000e+00
0.000000000000000000e+00
0.000000000000000000e+00
0.000000000000000000e+00
0.000000000000000000e+00
0.000000000000000000e+00
0.000000000000000000e+00
0.000000000000000000e+00
0.000000000000000000e+00
0.000000000000000000e+00
0.000000000000000000e+00
0.000000000000000000e+00
0.000000000000000000e+00
0.000000000000000000e+00
0.000000000000000000e+00
0.000000000000000000e+00
0.000000000000000000e+00
0.000000000000000000e+00
0.000000000000000000e+00
0.000000000000000000e+00
0.000000000000000000e+00
0.000000000000000000e+00
0.000000000000000000e+00
0.000000000000000000e+00
0.000000000000000000e+00
0.000000000000000000e+00
0.000000000000000000e+00
0.000000000000000000e+00
0.000000000000000000e+00
1.724891035337350331e-06
0.000000000000000000e+00
1.725224365145550109e-06
3.444676394792622887e-06
0.000000000000000000e+00
6.851517809991491958e-06
0.000000000000000000e+00
5.148235231899889186e-06
3.435893404457601719e-06
3.412739260966191068e-06
8.581926522310823202e-06
6.886093160574091598e-06
6.859807854198152199e-06
2.402961581537965685e-05
1.887618600449059159e-05
2.402421887381933630e-05
2.575423604866955429e-05
2.397591924818698317e-05
2.056411358353216201e-05
2.232524457213003188e-05
3.264952829340472817e-05
4.454107329365797341e-05
5.992683873046189547e-05
6.009817661833949387e-05
7.033481961116194725e-05
7.892075518611818552e-05
8.925215661292895675e-05
1.012840293697081506e-04
1.165934882010333240e-04
1.199206089950166643e-04
1.868823019322007895e-04
2.245700597995892167e-04
2.471135230734944344e-04
2.436565409880131483e-04
2.656797587405890226e-04
2.814000763464719057e-04
3.056095156352967024e-04
3.776474623009562492e-04
3.672525344882160425e-04
4.580677486956119537e-04
4.271604702807962894e-04
4.545778210740536451e-04
4.723630845546722412e-04
5.031398613937199116e-04
5.148165510036051273e-04
5.058994283899664879e-04
5.558341508731245995e-04
4.787059733644127846e-04
4.441138298716396093e-04
4.322948807384818792e-04
3.160213527735322714e-04
3.448578354436904192e-04
2.572277735453099012e-04
3.293617046438157558e-04
2.435779169900342822e-04
2.435379428789019585e-04
2.437965013086795807e-04
2.247498923679813743e-04
1.765720953699201345e-04
1.699544227449223399e-04
1.165752546512521803e-04
1.081205045920796692e-04
8.932511263992637396e-05
9.436049003852531314e-05
7.702343282289803028e-05
8.067971793934702873e-05
5.140273788128979504e-05
5.488628085004165769e-05
5.484763096319511533e-05
3.771554838749580085e-05
5.469475945574231446e-05
2.571826735220383853e-05
2.735965063038747758e-05
4.619571336661465466e-05
5.145576869836077094e-05
6.014567406964488328e-05
4.633435673895291984e-05
8.725533552933484316e-05
1.080601941794157028e-04
1.128321164287626743e-04
1.354721607640385628e-04
1.421465567545965314e-04
1.783166080713272095e-04
1.917814515763893723e-04
2.280644985148683190e-04
2.128046471625566483e-04
2.385949919698759913e-04
2.558047999627888203e-04
2.883867127820849419e-04
3.277562791481614113e-04
3.463538596406579018e-04
3.726249560713768005e-04
4.222028073854744434e-04
4.392860282678157091e-04
4.891597200185060501e-04
4.669340269174426794e-04
4.635008808691054583e-04
4.791912215296179056e-04
3.778401587624102831e-04
4.118889337405562401e-04
3.315053763799369335e-04
3.295954666100442410e-04
2.888119488488882780e-04
2.537339169066399336e-04
2.160360745619982481e-04
1.853790017776191235e-04
1.802200713427737355e-04
1.751493400661274791e-04
1.732019736664369702e-04
1.594782370375469327e-04
1.422337227268144488e-04
1.232451613759621978e-04
1.231318165082484484e-04
1.269853382837027311e-04
1.268179476028308272e-04
1.164967980002984405e-04
9.920516458805650473e-05
9.405959281139075756e-05
1.043646698235534132e-04
8.208828512579202652e-05
8.369014540221542120e-05
7.357751019299030304e-05
6.328039307845756412e-05
8.557132969144731760e-05
7.702308357693254948e-05
7.533961615990847349e-05
7.023107173154130578e-05
5.830123336636461318e-05
5.322862489265389740e-05
6.327129813143983483e-05
5.307230094331316650e-05
6.843562005087733269e-05
6.349260365823283792e-05
5.828001667396165431e-05
3.608607585192658007e-05
3.952046608901582658e-05
3.437005943851545453e-05
2.577482518972828984e-05
2.571088771219365299e-05
2.245273753942456096e-05
2.923227111750748008e-05
2.933164978458080441e-05
2.579803549451753497e-05
2.242746450065169483e-05
2.418367148493416607e-05
3.621894575189799070e-05
2.409021908533759415e-05
1.725438960420433432e-05
1.549689841340295970e-05
2.582364504633005708e-05
1.906743636936880648e-05
8.643749424663837999e-06
1.035269997373688966e-05
1.727232756820740178e-06
8.626299859315622598e-06
6.887421477586030960e-06
6.891704742884030566e-06
5.140054781804792583e-06
3.454482111919787712e-06
1.727203994050796609e-06
1.707997967059782241e-06
1.723612058412982151e-06
0.000000000000000000e+00
0.000000000000000000e+00
0.000000000000000000e+00
0.000000000000000000e+00
0.000000000000000000e+00
0.000000000000000000e+00
0.000000000000000000e+00
0.000000000000000000e+00
0.000000000000000000e+00
0.000000000000000000e+00
0.000000000000000000e+00
0.000000000000000000e+00
0.000000000000000000e+00
0.000000000000000000e+00
0.000000000000000000e+00
0.000000000000000000e+00
0.000000000000000000e+00
0.000000000000000000e+00
0.000000000000000000e+00
0.000000000000000000e+00
0.000000000000000000e+00
0.000000000000000000e+00
0.000000000000000000e+00
0.000000000000000000e+00
0.000000000000000000e+00
0.000000000000000000e+00
0.000000000000000000e+00
0.000000000000000000e+00
0.000000000000000000e+00
0.000000000000000000e+00
0.000000000000000000e+00
0.000000000000000000e+00
0.000000000000000000e+00
0.000000000000000000e+00
0.000000000000000000e+00
0.000000000000000000e+00
0.000000000000000000e+00
0.000000000000000000e+00
0.000000000000000000e+00
0.000000000000000000e+00
0.000000000000000000e+00
0.000000000000000000e+00
0.000000000000000000e+00
0.000000000000000000e+00
0.000000000000000000e+00
0.000000000000000000e+00
0.000000000000000000e+00
0.000000000000000000e+00
0.000000000000000000e+00
0.000000000000000000e+00
0.000000000000000000e+00
0.000000000000000000e+00
0.000000000000000000e+00
0.000000000000000000e+00
0.000000000000000000e+00
0.000000000000000000e+00
0.000000000000000000e+00
0.000000000000000000e+00
0.000000000000000000e+00
0.000000000000000000e+00
0.000000000000000000e+00
0.000000000000000000e+00
0.000000000000000000e+00
0.000000000000000000e+00
0.000000000000000000e+00
0.000000000000000000e+00
0.000000000000000000e+00
0.000000000000000000e+00
0.000000000000000000e+00
0.000000000000000000e+00
0.000000000000000000e+00
0.000000000000000000e+00
0.000000000000000000e+00
0.000000000000000000e+00
0.000000000000000000e+00
0.000000000000000000e+00
0.000000000000000000e+00
0.000000000000000000e+00
0.000000000000000000e+00
0.000000000000000000e+00
0.000000000000000000e+00
0.000000000000000000e+00
0.000000000000000000e+00
0.000000000000000000e+00
0.000000000000000000e+00
0.000000000000000000e+00
0.000000000000000000e+00
0.000000000000000000e+00
0.000000000000000000e+00
0.000000000000000000e+00
0.000000000000000000e+00
0.000000000000000000e+00
0.000000000000000000e+00
0.000000000000000000e+00
0.000000000000000000e+00
0.000000000000000000e+00
0.000000000000000000e+00
0.000000000000000000e+00
0.000000000000000000e+00
0.000000000000000000e+00
0.000000000000000000e+00
0.000000000000000000e+00
0.000000000000000000e+00
0.000000000000000000e+00
0.000000000000000000e+00
0.000000000000000000e+00
0.000000000000000000e+00
0.000000000000000000e+00
0.000000000000000000e+00
0.000000000000000000e+00
0.000000000000000000e+00
0.000000000000000000e+00
0.000000000000000000e+00
0.000000000000000000e+00
0.000000000000000000e+00
0.000000000000000000e+00
0.000000000000000000e+00
0.000000000000000000e+00
0.000000000000000000e+00
0.000000000000000000e+00
0.000000000000000000e+00
0.000000000000000000e+00
0.000000000000000000e+00
0.000000000000000000e+00
0.000000000000000000e+00
0.000000000000000000e+00
0.000000000000000000e+00
0.000000000000000000e+00
0.000000000000000000e+00
0.000000000000000000e+00
0.000000000000000000e+00
0.000000000000000000e+00
0.000000000000000000e+00
0.000000000000000000e+00
0.000000000000000000e+00
0.000000000000000000e+00
0.000000000000000000e+00
0.000000000000000000e+00
0.000000000000000000e+00
0.000000000000000000e+00
0.000000000000000000e+00
0.000000000000000000e+00
0.000000000000000000e+00
0.000000000000000000e+00
0.000000000000000000e+00
0.000000000000000000e+00
0.000000000000000000e+00
0.000000000000000000e+00
0.000000000000000000e+00
0.000000000000000000e+00
0.000000000000000000e+00
0.000000000000000000e+00
0.000000000000000000e+00
0.000000000000000000e+00
0.000000000000000000e+00
0.000000000000000000e+00
0.000000000000000000e+00
0.000000000000000000e+00
0.000000000000000000e+00
0.000000000000000000e+00
