0.000000000000000000e+00
0.000000000000000000e+00
0.000000000000000000e+00
0.000000000000000000e+00
0.000000000000000000e+00
0.000000000000000000e+00
0.000000000000000000e+00
0.000000000000000000e+00
0.000000000000000000e+00
0.000000000000000000e+00
0.000000000000000000e+00
0.000000000000000000e+00
0.000000000000000000e+00
0.000000000000000000e+00
0.000000000000000000e+00
0.000000000000000000e+00
0.000000000000000000e+00
0.000000000000000000e+00
0.000000000000000000e+00
0.000000000000000000e+00
0.000000000000000000e+00
0.000000000000000000e+00
0.000000000000000000e+00
0.000000000000000000e+00
0.000000000000000000e+00
0.000000000000000000e+00
0.000000000000000000e+00
0.000000000000000000e+00
0.000000000000000000e+00
0.000000000000000000e+00
0.000000000000000000e+00
0.000000000000000000e+00
0.000000000000000000e+00
0.000000000000000000e+00
0.000000000000000000e+00
0.000000000000000000e+00
0.000000000000000000e+00
0.000000000000000000e+00
0.000000000000000000e+00
0.000000000000000000e+00
0.000000000000000000e+00
0.000000000000000000e+00
0.000000000000000000e+00
0.000000000000000000e+00
0.000000000000000000e+00
0.000000000000000000e+00
0.000000000000000000e+00
0.000000000000000000e+00
0.000000000000000000e+00
0.000000000000000000e+00
0.000000000000000000e+00
0.000000000000000000e+00
0.000000000000000000e+00
0.000000000000000000e+00
0.000000000000000000e+00
0.000000000000000000e+00
0.000000000000000000e+00
0.000000000000000000e+00
0.000000000000000000e+00
0.000000000000000000e+00
0.000000000000000000e+00
0.000000000000000000e+00
0.000000000000000000e+00
0.000000000000000000e+00
0.000000000000000000e+00
0.000000000000000000e+00
0.000000000000000000e+00
0.000000000000000000e+00
0.000000000000000000e+00
0.000000000000000000e+00
0.000000000000000000e+00
0.000000000000000000e+00
0.000000000000000000e+00
0.000000000000000000e+00
0.000000000000000000e+00
0.000000000000000000e+00
0.000000000000000000e+00
0.000000000000000000e+00
0.000000000000000000e+00
0.000000000000000000e+00
0.000000000000000000e+00
0.000000000000000000e+00
0.000000000000000000e+00
0.000000000000000000e+00
0.000000000000000000e+00
0.000000000000000000e+00
0.000000000000000000e+00
0.000000000000000000e+00
0.000000000000000000e+00
0.000000000000000000e+00
0.000000000000000000e+00
0.000000000000000000e+00
0.000000000000000000e+00
0.000000000000000000e+00
0.000000000000000000e+00
0.000000000000000000e+00
0.000000000000000000e+00
0.000000000000000000e+00
0.000000000000000000e+00
0.000000000000000000e+00
0.000000000000000000e+00
0.000000000000000000e+00
0.000000000000000000e+00
0.000000000000000000e+00
0.000000000000000000e+00
0.000000000000000000e+00
0.000000000000000000e+00
0.000000000000000000e+00
0.000000000000000000e+00
0.000000000000000000e+00
0.000000000000000000e+00
0.000000000000000000e+00
0.000000000000000000e+00
0.000000000000000000e+00
0.000000000000000000e+00
0.000000000000000000e+00
0.000000000000000000e+00
0.000000000000000000e+00
0.000000000000000000e+00
0.000000000000000000e+00
0.000000000000000000e+00
0.000000000000000000e+00
0.000000000000000000e+00
0.000000000000000000e+00
0.000000000000000000e+00
0.000000000000000000e+00
0.000000000000000000e+00
0.000000000000000000e+00
0.000000000000000000e+00
0.000000000000000000e+00
0.000000000000000000e+00
0.000000000000000000e+00
0.000000000000000000e+00
0.000000000000000000e+00
0.000000000000000000e+00
0.000000000000000000e+00
0.000000000000000000e+00
0.000000000000000000e+00
0.000000000000000000e+00
0.000000000000000000e+00
0.000000000000000000e+00
0.000000000000000000e+00
0.000000000000000000e+00
0.000000000000000000e+00
0.000000000000000000e+00
0.000000000000000000e+00
0.000000000000000000e+00
0.000000000000000000e+00
0.000000000000000000e+00
0.000000000000000000e+00
0.000000000000000000e+00
0.000000000000000000e+00
0.000000000000000000e+00
0.000000000000000000e+00
1.697967718428117223e-06
1.710596848170098383e-06
0.000000000000000000e+00
1.718809357953432482e-06
5.100812359160045162e-06
0.000000000000000000e+00
1.026444442686624825e-05
6.840590231149690226e-06
1.724285084492294118e-06
1.709323441900778562e-06
0.000000000000000000e+00
5.145494469616096467e-06
1.540267112432047725e-05
6.803483756812056527e-06
1.889695340651087463e-05
2.047831912932451814e-05
2.053335992968641222e-05
3.089138772338628769e-05
3.948775338358245790e-05
4.955161784891970456e-05
2.740447962423786521e-05
4.620939216692931950e-05
5.822206367156468332e-05
5.647377838613465428e-05
5.306275488692335784e-05
4.463213554117828608e-05
6.002478403388522565e-05
4.627075759344734251e-05
3.598550392780452967e-05
5.991212310618720949e-05
4.457724935491569340e-05
5.652000982081517577e-05
4.796712528332136571e-05
3.603173172450624406e-05
6.184598169056698680e-05
5.836442142026498914e-05
5.324877201928757131e-05
4.983956750947982073e-05
7.374293636530637741e-05
8.068668103078380227e-05
8.921714470488950610e-05
7.383587944786995649e-05
8.775471360422670841e-05
9.784021676750853658e-05
1.013559303828515112e-04
9.771348413778468966e-05
1.253869268111884594e-04
9.263015090255066752e-05
1.166810034192167222e-04
1.097571948776021600e-04
9.592051355866715312e-05
8.913061174098402262e-05
7.022762292763218284e-05
8.585144678363576531e-05
8.764628000790253282e-05
7.384305354207754135e-05
9.265616245102137327e-05
5.996452819090336561e-05
6.358499376801773906e-05
6.854163802927359939e-05
4.122488826396875083e-05
3.607057442422956228e-05
3.617208130890503526e-05
4.294781683711335063e-05
4.473170338314957917e-05
2.745920028246473521e-05
3.780113547691144049e-05
3.952299812226556242e-05
2.924593354691751301e-05
4.644885120796971023e-05
3.263484541093930602e-05
4.108729990548454225e-05
6.000378925818949938e-05
7.025648665148764849e-05
5.991077341604977846e-05
1.061504226527176797e-04
1.368535304209217429e-04
1.268672203877940774e-04
1.165890935226343572e-04
1.868707768153399229e-04
1.938214991241693497e-04
2.350940922042354941e-04
2.711299166548997164e-04
2.593010722193866968e-04
3.074847627431154251e-04
3.374713705852627754e-04
3.326304140500724316e-04
3.158281615469604731e-04
4.566084244288504124e-04
4.374092386569827795e-04
5.182841559872031212e-04
5.307673709467053413e-04
5.405997508205473423e-04
6.229444406926631927e-04
6.964651984162628651e-04
6.399153498932719231e-04
7.378864684142172337e-04
7.752861711196601391e-04
7.703955052420496941e-04
7.031224085949361324e-04
6.297572399489581585e-04
6.498236325569450855e-04
6.687315762974321842e-04
5.612652166746556759e-04
5.367459962144494057e-04
4.927132395096123219e-04
4.391885013319551945e-04
4.188427410554140806e-04
4.106978012714534998e-04
3.998714964836835861e-04
3.603828954510390759e-04
3.314798232167959213e-04
3.384526935406029224e-04
2.986440085805952549e-04
3.224758547730743885e-04
3.246866690460592508e-04
2.865935093723237514e-04
2.438944356981664896e-04
1.887843245640397072e-04
2.351023285882547498e-04
1.511139562353491783e-04
1.648662728257477283e-04
1.545551058370620012e-04
1.304268225794658065e-04
1.457564794691279531e-04
1.149665695265866816e-04
1.199610633193515241e-04
1.009333791444078088e-04
9.254831093130633235e-05
5.807546403957530856e-05
6.496169953607022762e-05
6.838761328253895044e-05
4.101183731108903885e-05
4.281938163330778480e-05
5.144386159372515976e-05
2.744892663031350821e-05
2.734031295403838158e-05
3.935820859624072909e-05
1.709822208795230836e-05
2.908014539571013302e-05
2.226628203061409295e-05
1.877814975159708411e-05
2.042562118731439114e-05
6.806801138736773282e-06
1.022363903757650405e-05
1.024001267069252208e-05
1.531232373963575810e-05
8.541312126908451319e-06
6.787400252505904064e-06
6.801588824600912631e-06
1.724946741887833923e-06
5.107267043058527634e-06
1.874800727819092572e-05
1.689229975454509258e-06
3.402351239856216125e-06
3.351519808347802609e-06
3.443466994212940335e-06
0.000000000000000000e+00
0.000000000000000000e+00
3.456738113527535461e-06
0.000000000000000000e+00
0.000000000000000000e+00
0.000000000000000000e+00
1.732464397719013505e-06
0.000000000000000000e+00
0.000000000000000000e+00
0.000000000000000000e+00
0.000000000000000000e+00
0.000000000000000000e+00
0.000000000000000000e+00
0.000000000000000000e+00
0.000000000000000000e+00
0.000000000000000000e+00
0.000000000000000000e+00
0.000000000000000000e+00
0.000000000000000000e+00
0.000000000000000000e+00
0.000000000000000000e+00
0.000000000000000000e+00
0.000000000000000000e+00
0.000000000000000000e+00
0.000000000000000000e+00
0.000000000000000000e+00
0.000000000000000000e+00
0.000000000000000000e+00
0.000000000000000000e+00
0.000000000000000000e+00
0.000000000000000000e+00
0.000000000000000000e+00
0.000000000000000000e+00
0.000000000000000000e+00
0.000000000000000000e+00
0.000000000000000000e+00
0.000000000000000000e+00
0.000000000000000000e+00
0.000000000000000000e+00
0.000000000000000000e+00
0.000000000000000000e+00
0.000000000000000000e+00
0.000000000000000000e+00
0.000000000000000000e+00
0.000000000000000000e+00
0.000000000000000000e+00
0.000000000000000000e+00
0.000000000000000000e+00
0.000000000000000000e+00
0.000000000000000000e+00
0.000000000000000000e+00
0.000000000000000000e+00
0.000000000000000000e+00
0.000000000000000000e+00
0.000000000000000000e+00
0.000000000000000000e+00
0.000000000000000000e+00
0.000000000000000000e+00
0.000000000000000000e+00
0.000000000000000000e+00
0.000000000000000000e+00
0.000000000000000000e+00
0.000000000000000000e+00
0.000000000000000000e+00
0.000000000000000000e+00
0.000000000000000000e+00
0.000000000000000000e+00
0.000000000000000000e+00
0.000000000000000000e+00
0.000000000000000000e+00
0.000000000000000000e+00
0.000000000000000000e+00
0.000000000000000000e+00
0.000000000000000000e+00
0.000000000000000000e+00
0.000000000000000000e+00
0.000000000000000000e+00
0.000000000000000000e+00
0.000000000000000000e+00
0.000000000000000000e+00
0.000000000000000000e+00
0.000000000000000000e+00
0.000000000000000000e+00
0.000000000000000000e+00
0.000000000000000000e+00
0.000000000000000000e+00
0.000000000000000000e+00
0.000000000000000000e+00
0.000000000000000000e+00
0.000000000000000000e+00
0.000000000000000000e+00
0.000000000000000000e+00
0.000000000000000000e+00
0.000000000000000000e+00
0.000000000000000000e+00
0.000000000000000000e+00
0.000000000000000000e+00
0.000000000000000000e+00
0.000000000000000000e+00
0.000000000000000000e+00
0.000000000000000000e+00
0.000000000000000000e+00
0.000000000000000000e+00
0.000000000000000000e+00
0.000000000000000000e+00
0.000000000000000000e+00
0.000000000000000000e+00
0.000000000000000000e+00
0.000000000000000000e+00
0.000000000000000000e+00
0.000000000000000000e+00
0.000000000000000000e+00
0.000000000000000000e+00
0.000000000000000000e+00
0.000000000000000000e+00
0.000000000000000000e+00
0.000000000000000000e+00
0.000000000000000000e+00
0.000000000000000000e+00
0.000000000000000000e+00
0.000000000000000000e+00
0.000000000000000000e+00
0.000000000000000000e+00
0.000000000000000000e+00
0.000000000000000000e+00
0.000000000000000000e+00
0.000000000000000000e+00
0.000000000000000000e+00
0.000000000000000000e+00
0.000000000000000000e+00
0.000000000000000000e+00
0.000000000000000000e+00
0.000000000000000000e+00
0.000000000000000000e+00
0.000000000000000000e+00
0.000000000000000000e+00
0.000000000000000000e+00
0.000000000000000000e+00
0.000000000000000000e+00
0.000000000000000000e+00
0.000000000000000000e+00
0.000000000000000000e+00
0.000000000000000000e+00
0.000000000000000000e+00
0.000000000000000000e+00
0.000000000000000000e+00
0.000000000000000000e+00
0.000000000000000000e+00
0.000000000000000000e+00
0.000000000000000000e+00
0.000000000000000000e+00
0.000000000000000000e+00
0.000000000000000000e+00
0.000000000000000000e+00
0.000000000000000000e+00
0.000000000000000000e+00
0.000000000000000000e+00
0.000000000000000000e+00
0.000000000000000000e+00
0.000000000000000000e+00
0.000000000000000000e+00
0.000000000000000000e+00
0.000000000000000000e+00
0.000000000000000000e+00
0.000000000000000000e+00
0.000000000000000000e+00
0.000000000000000000e+00
0.000000000000000000e+00
0.000000000000000000e+00
0.000000000000000000e+00
0.000000000000000000e+00
0.000000000000000000e+00
0.000000000000000000e+00
0.000000000000000000e+00
0.000000000000000000e+00
0.000000000000000000e+00
0.000000000000000000e+00
0.000000000000000000e+00
0.000000000000000000e+00
0.000000000000000000e+00
0.000000000000000000e+00
0.000000000000000000e+00
0.000000000000000000e+00
0.000000000000000000e+00
0.000000000000000000e+00
0.000000000000000000e+00
0.000000000000000000e+00
0.000000000000000000e+00
0.000000000000000000e+00
