0.000000000000000000e+00
0.000000000000000000e+00
0.000000000000000000e+00
0.000000000000000000e+00
0.000000000000000000e+00
0.000000000000000000e+00
0.000000000000000000e+00
0.000000000000000000e+00
0.000000000000000000e+00
0.000000000000000000e+00
0.000000000000000000e+00
0.000000000000000000e+00
0.000000000000000000e+00
0.000000000000000000e+00
0.000000000000000000e+00
0.000000000000000000e+00
0.000000000000000000e+00
0.000000000000000000e+00
0.000000000000000000e+00
0.000000000000000000e+00
0.000000000000000000e+00
0.000000000000000000e+00
0.000000000000000000e+00
0.000000000000000000e+00
0.000000000000000000e+00
0.000000000000000000e+00
0.000000000000000000e+00
0.000000000000000000e+00
0.000000000000000000e+00
0.000000000000000000e+00
0.000000000000000000e+00
0.000000000000000000e+00
0.000000000000000000e+00
0.000000000000000000e+00
0.000000000000000000e+00
0.000000000000000000e+00
0.000000000000000000e+00
0.000000000000000000e+00
0.000000000000000000e+00
0.000000000000000000e+00
0.000000000000000000e+00
0.000000000000000000e+00
0.000000000000000000e+00
0.000000000000000000e+00
0.000000000000000000e+00
0.000000000000000000e+00
0.000000000000000000e+00
0.000000000000000000e+00
0.000000000000000000e+00
0.000000000000000000e+00
0.000000000000000000e+00
0.000000000000000000e+00
0.000000000000000000e+00
0.000000000000000000e+00
0.000000000000000000e+00
0.000000000000000000e+00
0.000000000000000000e+00
0.000000000000000000e+00
0.000000000000000000e+00
0.000000000000000000e+00
0.000000000000000000e+00
0.000000000000000000e+00
0.000000000000000000e+00
0.000000000000000000e+00
0.000000000000000000e+00
0.000000000000000000e+00
0.000000000000000000e+00
0.000000000000000000e+00
0.000000000000000000e+00
0.000000000000000000e+00
0.000000000000000000e+00
0.000000000000000000e+00
0.000000000000000000e+00
0.000000000000000000e+00
0.000000000000000000e+00
0.000000000000000000e+00
0.000000000000000000e+00
0.000000000000000000e+00
0.000000000000000000e+00
0.000000000000000000e+00
0.000000000000000000e+00
0.000000000000000000e+00
0.000000000000000000e+00
0.000000000000000000e+00
0.000000000000000000e+00
0.000000000000000000e+00
0.000000000000000000e+00
0.000000000000000000e+00
0.000000000000000000e+00
0.000000000000000000e+00
0.000000000000000000e+00
0.000000000000000000e+00
0.000000000000000000e+00
0.000000000000000000e+00
0.000000000000000000e+00
0.000000000000000000e+00
0.000000000000000000e+00
0.000000000000000000e+00
0.000000000000000000e+00
0.000000000000000000e+00
0.000000000000000000e+00
0.000000000000000000e+00
0.000000000000000000e+00
0.000000000000000000e+00
0.000000000000000000e+00
0.000000000000000000e+00
0.000000000000000000e+00
0.000000000000000000e+00
0.000000000000000000e+00
0.000000000000000000e+00
0.000000000000000000e+00
0.000000000000000000e+00
0.000000000000000000e+00
0.000000000000000000e+00
0.000000000000000000e+00
0.000000000000000000e+00
0.000000000000000000e+00
0.000000000000000000e+00
0.000000000000000000e+00
0.000000000000000000e+00
0.000000000000000000e+00
0.000000000000000000e+00
0.000000000000000000e+00
0.000000000000000000e+00
0.000000000000000000e+00
0.000000000000000000e+00
0.000000000000000000e+00
0.000000000000000000e+00
0.000000000000000000e+00
0.000000000000000000e+00
0.000000000000000000e+00
0.000000000000000000e+00
0.000000000000000000e+00
0.000000000000000000e+00
0.000000000000000000e+00
0.000000000000000000e+00
0.000000000000000000e+00
0.000000000000000000e+00
0.000000000000000000e+00
0.000000000000000000e+00
0.000000000000000000e+00
0.000000000000000000e+00
0.000000000000000000e+00
0.000000000000000000e+00
0.000000000000000000e+00
0.000000000000000000e+00
0.000000000000000000e+00
0.000000000000000000e+00
0.000000000000000000e+00
0.000000000000000000e+00
0.000000000000000000e+00
0.000000000000000000e+00
0.000000000000000000e+00
0.000000000000000000e+00
3.418838559809955768e-06
0.000000000000000000e+00
3.418995902393362485e-06
1.702328404462605249e-06
1.719201463856734335e-06
0.000000000000000000e+00
1.027368489303626120e-05
1.697967718428117223e-06
3.414860429984400980e-06
5.107034212414873764e-06
8.567184522689785808e-06
5.123068604007130489e-06
1.022161632135976106e-05
8.578411325288470834e-06
6.810235845478018746e-06
2.398684955551289022e-05
8.546144272258970886e-06
3.086791548412293196e-05
1.541202072985470295e-05
4.104181425645947456e-05
3.932967229047790170e-05
4.458761759451590478e-05
5.821219747303985059e-05
4.285543764126487076e-05
6.664691318292170763e-05
5.826034612255170941e-05
5.312761277309618890e-05
7.364717021118849516e-05
5.652497566188685596e-05
7.545397966168820858e-05
4.968513894709758461e-05
4.453992369235493243e-05
6.349971954477950931e-05
7.379503949778154492e-05
6.015658800606615841e-05
5.670942118740640581e-05
6.182029028423130512e-05
5.665772187057882547e-05
5.324689118424430490e-05
6.696092168567702174e-05
9.613166912458837032e-05
1.270209904760122299e-04
8.927827730076387525e-05
1.046950565068982542e-04
9.095755376620218158e-05
8.921859989641234279e-05
8.756529859965667129e-05
9.615219460101798177e-05
9.077321010408923030e-05
9.101179603021591902e-05
8.752493886277079582e-05
7.207130693132057786e-05
8.242714829975739121e-05
8.072089985944330692e-05
7.570676098112016916e-05
6.871436926303431392e-05
5.657367728417739272e-05
7.051815191516652703e-05
5.493992284755222499e-05
5.490451076184399426e-05
5.850178422406315804e-05
4.802567127626389265e-05
4.812292536371387541e-05
4.799918315256945789e-05
6.318379746517166495e-05
4.112484020879492164e-05
3.613112494349479675e-05
4.805816934094764292e-05
3.782400744967162609e-05
4.288414857001043856e-05
5.146174225956201553e-05
3.092297629336826503e-05
7.024653314147144556e-05
7.362321048276498914e-05
7.719828136032447219e-05
1.009431143756955862e-04
1.267729821847751737e-04
1.405485381837934256e-04
1.441092463210225105e-04
2.020502433879300952e-04
1.937862107297405601e-04
2.073837677016854286e-04
2.813096216414123774e-04
2.710279950406402349e-04
3.261369420215487480e-04
3.040192532353103161e-04
3.707264550030231476e-04
3.724679991137236357e-04
4.359759623184800148e-04
4.891772405244410038e-04
4.986799904145300388e-04
4.904870293103158474e-04
5.590808577835559845e-04
5.939587135799229145e-04
6.367608439177274704e-04
6.778826937079429626e-04
6.330134347081184387e-04
6.400923011824488640e-04
6.999805336818099022e-04
7.290407083928585052e-04
6.947474903427064419e-04
6.760950782336294651e-04
6.088298396207392216e-04
5.815771874040365219e-04
4.920867504552006721e-04
5.047468002885580063e-04
4.805311618838459253e-04
4.276162362657487392e-04
4.430078552104532719e-04
4.172209592070430517e-04
3.759798710234463215e-04
3.863288147840648890e-04
3.776633529923856258e-04
3.449895011726766825e-04
3.211196744814515114e-04
2.540923887863755226e-04
2.386739215580746531e-04
2.265660878038033843e-04
1.871411950560286641e-04
1.718338753562420607e-04
1.956705818884074688e-04
1.664146984694525599e-04
1.475204771850258112e-04
1.488781272200867534e-04
1.355670392513275146e-04
1.063688760041259229e-04
1.165405410574749112e-04
8.578351116739213467e-05
8.075396181084215641e-05
5.813721145386807621e-05
8.239583257818594575e-05
6.676867633359506726e-05
5.483038330567069352e-05
6.848522752989083529e-05
5.817639248562045395e-05
3.075920903938822448e-05
3.930540333385579288e-05
3.934204141842201352e-05
2.906088411691598594e-05
2.049481008725706488e-05
2.558732194302137941e-05
2.387492895650211722e-05
8.562173206883016974e-06
1.703517227724660188e-05
6.804259555792668834e-06
1.692075238679535687e-05
1.358428198727779090e-05
1.697751213214360178e-05
5.102948762214509770e-06
1.682842821537633426e-06
3.409578539503854699e-06
1.724946741887833923e-06
0.000000000000000000e+00
5.105518539494369179e-06
3.449027872193255462e-06
1.713474830467021093e-06
0.000000000000000000e+00
3.435926601014216430e-06
3.433934352869982831e-06
0.000000000000000000e+00
1.722965635053697042e-06
1.726535629131831229e-06
0.000000000000000000e+00
1.732464397719013505e-06
0.000000000000000000e+00
0.000000000000000000e+00
0.000000000000000000e+00
0.000000000000000000e+00
0.000000000000000000e+00
0.000000000000000000e+00
0.000000000000000000e+00
0.000000000000000000e+00
0.000000000000000000e+00
0.000000000000000000e+00
0.000000000000000000e+00
0.000000000000000000e+00
0.000000000000000000e+00
0.000000000000000000e+00
0.000000000000000000e+00
0.000000000000000000e+00
0.000000000000000000e+00
0.000000000000000000e+00
0.000000000000000000e+00
0.000000000000000000e+00
0.000000000000000000e+00
0.000000000000000000e+00
0.000000000000000000e+00
0.000000000000000000e+00
0.000000000000000000e+00
0.000000000000000000e+00
0.000000000000000000e+00
0.000000000000000000e+00
0.000000000000000000e+00
0.000000000000000000e+00
0.000000000000000000e+00
0.000000000000000000e+00
0.000000000000000000e+00
0.000000000000000000e+00
0.000000000000000000e+00
0.000000000000000000e+00
0.000000000000000000e+00
0.000000000000000000e+00
0.000000000000000000e+00
0.000000000000000000e+00
0.000000000000000000e+00
0.000000000000000000e+00
0.000000000000000000e+00
0.000000000000000000e+00
0.000000000000000000e+00
0.000000000000000000e+00
0.000000000000000000e+00
0.000000000000000000e+00
0.000000000000000000e+00
0.000000000000000000e+00
0.000000000000000000e+00
0.000000000000000000e+00
0.000000000000000000e+00
0.000000000000000000e+00
0.000000000000000000e+00
0.000000000000000000e+00
0.000000000000000000e+00
0.000000000000000000e+00
0.000000000000000000e+00
0.000000000000000000e+00
0.000000000000000000e+00
0.000000000000000000e+00
0.000000000000000000e+00
0.000000000000000000e+00
0.000000000000000000e+00
0.000000000000000000e+00
0.000000000000000000e+00
0.000000000000000000e+00
0.000000000000000000e+00
0.000000000000000000e+00
0.000000000000000000e+00
0.000000000000000000e+00
0.000000000000000000e+00
0.000000000000000000e+00
0.000000000000000000e+00
0.000000000000000000e+00
0.000000000000000000e+00
0.000000000000000000e+00
0.000000000000000000e+00
0.000000000000000000e+00
0.000000000000000000e+00
0.000000000000000000e+00
0.000000000000000000e+00
0.000000000000000000e+00
0.000000000000000000e+00
0.000000000000000000e+00
0.000000000000000000e+00
0.000000000000000000e+00
0.000000000000000000e+00
0.000000000000000000e+00
0.000000000000000000e+00
0.000000000000000000e+00
0.000000000000000000e+00
0.000000000000000000e+00
0.000000000000000000e+00
0.000000000000000000e+00
0.000000000000000000e+00
0.000000000000000000e+00
0.000000000000000000e+00
0.000000000000000000e+00
0.000000000000000000e+00
0.000000000000000000e+00
0.000000000000000000e+00
0.000000000000000000e+00
0.000000000000000000e+00
0.000000000000000000e+00
0.000000000000000000e+00
0.000000000000000000e+00
0.000000000000000000e+00
0.000000000000000000e+00
0.000000000000000000e+00
0.000000000000000000e+00
0.000000000000000000e+00
0.000000000000000000e+00
0.000000000000000000e+00
0.000000000000000000e+00
0.000000000000000000e+00
0.000000000000000000e+00
0.000000000000000000e+00
0.000000000000000000e+00
0.000000000000000000e+00
0.000000000000000000e+00
0.000000000000000000e+00
0.000000000000000000e+00
0.000000000000000000e+00
0.000000000000000000e+00
0.000000000000000000e+00
0.000000000000000000e+00
0.000000000000000000e+00
0.000000000000000000e+00
0.000000000000000000e+00
0.000000000000000000e+00
0.000000000000000000e+00
0.000000000000000000e+00
0.000000000000000000e+00
0.000000000000000000e+00
0.000000000000000000e+00
0.000000000000000000e+00
0.000000000000000000e+00
0.000000000000000000e+00
0.000000000000000000e+00
0.000000000000000000e+00
0.000000000000000000e+00
0.000000000000000000e+00
0.000000000000000000e+00
0.000000000000000000e+00
0.000000000000000000e+00
0.000000000000000000e+00
0.000000000000000000e+00
0.000000000000000000e+00
0.000000000000000000e+00
0.000000000000000000e+00
0.000000000000000000e+00
0.000000000000000000e+00
0.000000000000000000e+00
0.000000000000000000e+00
0.000000000000000000e+00
0.000000000000000000e+00
0.000000000000000000e+00
0.000000000000000000e+00
0.000000000000000000e+00
0.000000000000000000e+00
0.000000000000000000e+00
0.000000000000000000e+00
0.000000000000000000e+00
0.000000000000000000e+00
0.000000000000000000e+00
0.000000000000000000e+00
0.000000000000000000e+00
0.000000000000000000e+00
0.000000000000000000e+00
0.000000000000000000e+00
0.000000000000000000e+00
0.000000000000000000e+00
0.000000000000000000e+00
0.000000000000000000e+00
0.000000000000000000e+00
0.000000000000000000e+00
0.000000000000000000e+00
0.000000000000000000e+00
0.000000000000000000e+00
0.000000000000000000e+00
