0.000000000000000000e+00
0.000000000000000000e+00
0.000000000000000000e+00
0.000000000000000000e+00
0.000000000000000000e+00
0.000000000000000000e+00
0.000000000000000000e+00
0.000000000000000000e+00
0.000000000000000000e+00
0.000000000000000000e+00
0.000000000000000000e+00
0.000000000000000000e+00
0.000000000000000000e+00
0.000000000000000000e+00
0.000000000000000000e+00
0.000000000000000000e+00
0.000000000000000000e+00
0.000000000000000000e+00
0.000000000000000000e+00
0.000000000000000000e+00
0.000000000000000000e+00
0.000000000000000000e+00
0.000000000000000000e+00
0.000000000000000000e+00
0.000000000000000000e+00
0.000000000000000000e+00
0.000000000000000000e+00
0.000000000000000000e+00
0.000000000000000000e+00
0.000000000000000000e+00
0.000000000000000000e+00
0.000000000000000000e+00
0.000000000000000000e+00
0.000000000000000000e+00
0.000000000000000000e+00
0.000000000000000000e+00
0.000000000000000000e+00
0.000000000000000000e+00
0.000000000000000000e+00
0.000000000000000000e+00
0.000000000000000000e+00
0.000000000000000000e+00
0.000000000000000000e+00
0.000000000000000000e+00
0.000000000000000000e+00
0.000000000000000000e+00
0.000000000000000000e+00
0.000000000000000000e+00
0.000000000000000000e+00
0.000000000000000000e+00
0.000000000000000000e+00
0.000000000000000000e+00
0.000000000000000000e+00
0.000000000000000000e+00
0.000000000000000000e+00
0.000000000000000000e+00
0.000000000000000000e+00
0.000000000000000000e+00
0.000000000000000000e+00
0.000000000000000000e+00
0.000000000000000000e+00
0.000000000000000000e+00
0.000000000000000000e+00
0.000000000000000000e+00
0.000000000000000000e+00
0.000000000000000000e+00
0.000000000000000000e+00
0.000000000000000000e+00
0.000000000000000000e+00
0.000000000000000000e+00
0.000000000000000000e+00
0.000000000000000000e+00
0.000000000000000000e+00
0.000000000000000000e+00
0.000000000000000000e+00
0.000000000000000000e+00
0.000000000000000000e+00
0.000000000000000000e+00
0.000000000000000000e+00
0.000000000000000000e+00
0.000000000000000000e+00
0.000000000000000000e+00
0.000000000000000000e+00
0.000000000000000000e+00
0.000000000000000000e+00
0.000000000000000000e+00
0.000000000000000000e+00
0.000000000000000000e+00
0.000000000000000000e+00
0.000000000000000000e+00
0.000000000000000000e+00
0.000000000000000000e+00
0.000000000000000000e+00
0.000000000000000000e+00
0.000000000000000000e+00
0.000000000000000000e+00
0.000000000000000000e+00
0.000000000000000000e+00
0.000000000000000000e+00
0.000000000000000000e+00
0.000000000000000000e+00
0.000000000000000000e+00
0.000000000000000000e+00
0.000000000000000000e+00
0.000000000000000000e+00
0.000000000000000000e+00
0.000000000000000000e+00
0.000000000000000000e+00
0.000000000000000000e+00
0.000000000000000000e+00
0.000000000000000000e+00
0.000000000000000000e+00
0.000000000000000000e+00
0.000000000000000000e+00
0.000000000000000000e+00
0.000000000000000000e+00
0.000000000000000000e+00
0.000000000000000000e+00
0.000000000000000000e+00
0.000000000000000000e+00
0.000000000000000000e+00
0.000000000000000000e+00
0.000000000000000000e+00
0.000000000000000000e+00
0.000000000000000000e+00
0.000000000000000000e+00
0.000000000000000000e+00
0.000000000000000000e+00
0.000000000000000000e+00
0.000000000000000000e+00
0.000000000000000000e+00
0.000000000000000000e+00
0.000000000000000000e+00
0.000000000000000000e+00
0.000000000000000000e+00
0.000000000000000000e+00
0.000000000000000000e+00
0.000000000000000000e+00
1.724891035337350331e-06
0.000000000000000000e+00
1.722917886581853963e-06
0.000000000000000000e+00
3.441791477598599158e-06
5.159868123882915825e-06
5.162143224879400805e-06
0.000000000000000000e+00
1.715404891911020968e-06
5.163653440831694752e-06
1.719602664707053918e-06
3.425684326430200599e-06
1.199589132738765329e-05
8.561912181903608143e-06
1.030705152516020462e-05
2.058065547316800803e-05
8.606146366219036281e-06
1.713464371277950704e-05
1.373120085190748796e-05
2.232708538940642029e-05
2.402124482614453882e-05
2.569625758042093366e-05
2.913617936428636312e-05
2.228574703622143716e-05
3.608689803513698280e-05
3.078439112869091332e-05
3.594667214201763272e-05
2.745675010373815894e-05
5.144346869201399386e-05
5.482000779011286795e-05
5.145772593095898628e-05
6.507439684355631471e-05
7.543784158769994974e-05
7.895645831013098359e-05
8.050195901887491345e-05
7.903463847469538450e-05
1.286919869016855955e-04
1.510801521362736821e-04
1.665212330408394337e-04
2.232603874290362000e-04
2.300703054061159492e-04
2.472412597853690386e-04
3.344488795846700668e-04
3.946555079892277718e-04
4.238006949890404940e-04
4.972876049578189850e-04
5.078003159724175930e-04
5.064139259047806263e-04
5.338187911547720432e-04
5.592010566033422947e-04
5.937084206379950047e-04
5.081247072666883469e-04
5.061880219727754593e-04
5.458203959278762341e-04
4.292127559892833233e-04
3.962211776524782181e-04
4.014236619696021080e-04
4.305209731683135033e-04
3.482768952380865812e-04
3.140419430565088987e-04
3.069523663725703955e-04
2.435756323393434286e-04
2.176697453251108527e-04
1.936413755174726248e-04
1.749721704982221127e-04
1.474582095397636294e-04
1.423175563104450703e-04
6.504099292214959860e-05
7.702474249526858330e-05
3.758083403226919472e-05
3.264044062234461308e-05
3.417468542465940118e-05
3.435261987760895863e-06
1.717693703540135175e-05
5.104760930407792330e-06
3.436043016336043365e-06
5.125810275785624981e-06
1.725036668176471721e-06
5.129895725985988975e-06
0.000000000000000000e+00
1.717456598271382973e-06
3.403497430554125458e-06
1.714966742838441860e-06
0.000000000000000000e+00
0.000000000000000000e+00
0.000000000000000000e+00
0.000000000000000000e+00
0.000000000000000000e+00
0.000000000000000000e+00
0.000000000000000000e+00
0.000000000000000000e+00
0.000000000000000000e+00
0.000000000000000000e+00
0.000000000000000000e+00
0.000000000000000000e+00
0.000000000000000000e+00
0.000000000000000000e+00
0.000000000000000000e+00
0.000000000000000000e+00
0.000000000000000000e+00
0.000000000000000000e+00
0.000000000000000000e+00
0.000000000000000000e+00
0.000000000000000000e+00
0.000000000000000000e+00
0.000000000000000000e+00
0.000000000000000000e+00
0.000000000000000000e+00
0.000000000000000000e+00
0.000000000000000000e+00
0.000000000000000000e+00
0.000000000000000000e+00
0.000000000000000000e+00
0.000000000000000000e+00
0.000000000000000000e+00
0.000000000000000000e+00
0.000000000000000000e+00
0.000000000000000000e+00
0.000000000000000000e+00
0.000000000000000000e+00
0.000000000000000000e+00
0.000000000000000000e+00
0.000000000000000000e+00
0.000000000000000000e+00
0.000000000000000000e+00
0.000000000000000000e+00
0.000000000000000000e+00
0.000000000000000000e+00
0.000000000000000000e+00
0.000000000000000000e+00
0.000000000000000000e+00
0.000000000000000000e+00
0.000000000000000000e+00
0.000000000000000000e+00
0.000000000000000000e+00
0.000000000000000000e+00
0.000000000000000000e+00
0.000000000000000000e+00
0.000000000000000000e+00
0.000000000000000000e+00
0.000000000000000000e+00
1.714741415526077617e-06
8.581754627812188119e-06
0.000000000000000000e+00
3.434934114920906723e-06
8.604245522292330861e-06
1.549797889310866594e-05
8.595048711868003011e-06
2.068552748824004084e-05
1.550032538943924010e-05
1.201431859954027459e-05
2.576617043814621866e-05
3.267717693233862519e-05
2.392739224887918681e-05
3.086849756073206663e-05
5.145278191776014864e-05
7.715602259850129485e-05
8.405886183027178049e-05
1.284578465856611729e-04
1.163545020972378552e-04
1.351334940409287810e-04
1.732490927679464221e-04
1.679776905803009868e-04
2.176405396312475204e-04
2.281155757373198867e-04
2.848946314770728350e-04
3.087139921262860298e-04
3.502008039504289627e-04
3.895615809597074986e-04
4.889930714853107929e-04
4.704708408098667860e-04
5.507777095772325993e-04
5.371062434278428555e-04
5.650676903314888477e-04
5.341572687029838562e-04
5.403752438724040985e-04
4.583330592140555382e-04
5.388219142332673073e-04
4.617151862476021051e-04
3.517639997880905867e-04
3.482145257294178009e-04
2.642344625201076269e-04
2.363393141422420740e-04
2.315670426469296217e-04
1.887071266537532210e-04
1.870574778877198696e-04
1.455255260225385427e-04
1.764789631124585867e-04
1.747231872286647558e-04
1.541877718409523368e-04
1.509851717855781317e-04
1.490024442318826914e-04
1.453377335565164685e-04
1.285750768147408962e-04
1.131699682446196675e-04
1.114346814574673772e-04
1.183770000352524221e-04
9.941600728780031204e-05
7.546768756583333015e-05
9.794336801860481501e-05
6.368581671267747879e-05
8.097060344880446792e-05
4.299537249607965350e-05
2.577272789494600147e-05
2.416067582089453936e-05
1.882953620224725455e-05
6.919937277416465804e-06
1.204112504638032988e-05
5.179760137252742425e-06
8.610430086264386773e-06
0.000000000000000000e+00
3.433297024457715452e-06
1.709094362922769506e-06
0.000000000000000000e+00
0.000000000000000000e+00
0.000000000000000000e+00
0.000000000000000000e+00
0.000000000000000000e+00
0.000000000000000000e+00
0.000000000000000000e+00
0.000000000000000000e+00
0.000000000000000000e+00
0.000000000000000000e+00
0.000000000000000000e+00
0.000000000000000000e+00
0.000000000000000000e+00
0.000000000000000000e+00
0.000000000000000000e+00
0.000000000000000000e+00
0.000000000000000000e+00
0.000000000000000000e+00
0.000000000000000000e+00
0.000000000000000000e+00
0.000000000000000000e+00
0.000000000000000000e+00
0.000000000000000000e+00
0.000000000000000000e+00
0.000000000000000000e+00
0.000000000000000000e+00
0.000000000000000000e+00
0.000000000000000000e+00
0.000000000000000000e+00
0.000000000000000000e+00
0.000000000000000000e+00
0.000000000000000000e+00
0.000000000000000000e+00
0.000000000000000000e+00
0.000000000000000000e+00
0.000000000000000000e+00
0.000000000000000000e+00
0.000000000000000000e+00
0.000000000000000000e+00
0.000000000000000000e+00
0.000000000000000000e+00
0.000000000000000000e+00
0.000000000000000000e+00
0.000000000000000000e+00
0.000000000000000000e+00
0.000000000000000000e+00
0.000000000000000000e+00
0.000000000000000000e+00
0.000000000000000000e+00
0.000000000000000000e+00
0.000000000000000000e+00
0.000000000000000000e+00
0.000000000000000000e+00
0.000000000000000000e+00
0.000000000000000000e+00
0.000000000000000000e+00
0.000000000000000000e+00
0.000000000000000000e+00
0.000000000000000000e+00
0.000000000000000000e+00
0.000000000000000000e+00
0.000000000000000000e+00
0.000000000000000000e+00
0.000000000000000000e+00
0.000000000000000000e+00
0.000000000000000000e+00
0.000000000000000000e+00
0.000000000000000000e+00
0.000000000000000000e+00
0.000000000000000000e+00
0.000000000000000000e+00
0.000000000000000000e+00
0.000000000000000000e+00
0.000000000000000000e+00
0.000000000000000000e+00
0.000000000000000000e+00
0.000000000000000000e+00
0.000000000000000000e+00
0.000000000000000000e+00
0.000000000000000000e+00
0.000000000000000000e+00
0.000000000000000000e+00
0.000000000000000000e+00
0.000000000000000000e+00
0.000000000000000000e+00
0.000000000000000000e+00
0.000000000000000000e+00
0.000000000000000000e+00
0.000000000000000000e+00
0.000000000000000000e+00
0.000000000000000000e+00
0.000000000000000000e+00
0.000000000000000000e+00
0.000000000000000000e+00
0.000000000000000000e+00
0.000000000000000000e+00
0.000000000000000000e+00
0.000000000000000000e+00
0.000000000000000000e+00
0.000000000000000000e+00
0.000000000000000000e+00
0.000000000000000000e+00
0.000000000000000000e+00
0.000000000000000000e+00
0.000000000000000000e+00
0.000000000000000000e+00
0.000000000000000000e+00
0.000000000000000000e+00
0.000000000000000000e+00
0.000000000000000000e+00
0.000000000000000000e+00
0.000000000000000000e+00
0.000000000000000000e+00
0.000000000000000000e+00
0.000000000000000000e+00
0.000000000000000000e+00
0.000000000000000000e+00
0.000000000000000000e+00
0.000000000000000000e+00
0.000000000000000000e+00
0.000000000000000000e+00
0.000000000000000000e+00
0.000000000000000000e+00
0.000000000000000000e+00
0.000000000000000000e+00
0.000000000000000000e+00
0.000000000000000000e+00
0.000000000000000000e+00
0.000000000000000000e+00
0.000000000000000000e+00
0.000000000000000000e+00
0.000000000000000000e+00
0.000000000000000000e+00
0.000000000000000000e+00
0.000000000000000000e+00
0.000000000000000000e+00
0.000000000000000000e+00
0.000000000000000000e+00
0.000000000000000000e+00
0.000000000000000000e+00
0.000000000000000000e+00
0.000000000000000000e+00
0.000000000000000000e+00
0.000000000000000000e+00
0.000000000000000000e+00
0.000000000000000000e+00
0.000000000000000000e+00
0.000000000000000000e+00
0.000000000000000000e+00
