0.000000000000000000e+00
0.000000000000000000e+00
0.000000000000000000e+00
0.000000000000000000e+00
0.000000000000000000e+00
0.000000000000000000e+00
0.000000000000000000e+00
0.000000000000000000e+00
0.000000000000000000e+00
0.000000000000000000e+00
0.000000000000000000e+00
0.000000000000000000e+00
0.000000000000000000e+00
0.000000000000000000e+00
0.000000000000000000e+00
0.000000000000000000e+00
0.000000000000000000e+00
0.000000000000000000e+00
0.000000000000000000e+00
0.000000000000000000e+00
0.000000000000000000e+00
0.000000000000000000e+00
0.000000000000000000e+00
0.000000000000000000e+00
0.000000000000000000e+00
0.000000000000000000e+00
0.000000000000000000e+00
0.000000000000000000e+00
0.000000000000000000e+00
0.000000000000000000e+00
0.000000000000000000e+00
0.000000000000000000e+00
0.000000000000000000e+00
0.000000000000000000e+00
0.000000000000000000e+00
0.000000000000000000e+00
0.000000000000000000e+00
0.000000000000000000e+00
0.000000000000000000e+00
0.000000000000000000e+00
0.000000000000000000e+00
0.000000000000000000e+00
0.000000000000000000e+00
0.000000000000000000e+00
0.000000000000000000e+00
0.000000000000000000e+00
0.000000000000000000e+00
0.000000000000000000e+00
0.000000000000000000e+00
0.000000000000000000e+00
0.000000000000000000e+00
0.000000000000000000e+00
0.000000000000000000e+00
0.000000000000000000e+00
0.000000000000000000e+00
0.000000000000000000e+00
0.000000000000000000e+00
0.000000000000000000e+00
0.000000000000000000e+00
0.000000000000000000e+00
0.000000000000000000e+00
0.000000000000000000e+00
0.000000000000000000e+00
0.000000000000000000e+00
0.000000000000000000e+00
0.000000000000000000e+00
0.000000000000000000e+00
0.000000000000000000e+00
0.000000000000000000e+00
0.000000000000000000e+00
0.000000000000000000e+00
0.000000000000000000e+00
0.000000000000000000e+00
0.000000000000000000e+00
0.000000000000000000e+00
0.000000000000000000e+00
0.000000000000000000e+00
0.000000000000000000e+00
0.000000000000000000e+00
0.000000000000000000e+00
0.000000000000000000e+00
0.000000000000000000e+00
0.000000000000000000e+00
0.000000000000000000e+00
0.000000000000000000e+00
0.000000000000000000e+00
0.000000000000000000e+00
0.000000000000000000e+00
0.000000000000000000e+00
0.000000000000000000e+00
0.000000000000000000e+00
0.000000000000000000e+00
0.000000000000000000e+00
0.000000000000000000e+00
0.000000000000000000e+00
0.000000000000000000e+00
0.000000000000000000e+00
0.000000000000000000e+00
0.000000000000000000e+00
0.000000000000000000e+00
0.000000000000000000e+00
0.000000000000000000e+00
0.000000000000000000e+00
0.000000000000000000e+00
0.000000000000000000e+00
0.000000000000000000e+00
0.000000000000000000e+00
0.000000000000000000e+00
0.000000000000000000e+00
0.000000000000000000e+00
0.000000000000000000e+00
0.000000000000000000e+00
0.000000000000000000e+00
0.000000000000000000e+00
0.000000000000000000e+00
0.000000000000000000e+00
0.000000000000000000e+00
0.000000000000000000e+00
0.000000000000000000e+00
0.000000000000000000e+00
0.000000000000000000e+00
0.000000000000000000e+00
0.000000000000000000e+00
0.000000000000000000e+00
0.000000000000000000e+00
0.000000000000000000e+00
0.000000000000000000e+00
0.000000000000000000e+00
0.000000000000000000e+00
0.000000000000000000e+00
0.000000000000000000e+00
0.000000000000000000e+00
0.000000000000000000e+00
0.000000000000000000e+00
0.000000000000000000e+00
0.000000000000000000e+00
0.000000000000000000e+00
0.000000000000000000e+00
0.000000000000000000e+00
0.000000000000000000e+00
0.000000000000000000e+00
0.000000000000000000e+00
0.000000000000000000e+00
0.000000000000000000e+00
0.000000000000000000e+00
0.000000000000000000e+00
0.000000000000000000e+00
0.000000000000000000e+00
0.000000000000000000e+00
0.000000000000000000e+00
0.000000000000000000e+00
1.724891035337350331e-06
1.725224365145550109e-06
0.000000000000000000e+00
0.000000000000000000e+00
1.722917886581853963e-06
3.438639623709605075e-06
1.721758280837093480e-06
3.427189767535310239e-06
1.715404891911020968e-06
3.436515726207289845e-06
5.151035111339297146e-06
3.426182956900447607e-06
3.457665798123343848e-06
3.442666866249055602e-06
1.541619531053584069e-05
1.024767607304966077e-05
2.228714583907276392e-05
1.716232145554386079e-05
2.743054756138008088e-05
2.404037331871222705e-05
2.062637213384732604e-05
2.915142249548807740e-05
3.421159635763615370e-05
3.416519757593050599e-05
4.283878661226481199e-05
5.308190884534269571e-05
5.661400427925400436e-05
6.330713222268968821e-05
6.856322579551488161e-05
8.060539403231814504e-05
7.027476385701447725e-05
8.585146133555099368e-05
9.601999045116826892e-05
9.781833796296268702e-05
1.011369604384526610e-04
1.492237206548452377e-04
1.577720395289361477e-04
1.883889635792002082e-04
2.330852439627051353e-04
2.659149176906794310e-04
2.845549606718122959e-04
2.900701365433633327e-04
3.964194620493799448e-04
4.000874760095030069e-04
4.429314867593348026e-04
4.878276668023318052e-04
4.914645687676966190e-04
5.064256256446242332e-04
5.375901237130165100e-04
5.443012341856956482e-04
5.798166384920477867e-04
5.402900860644876957e-04
5.317912437021732330e-04
4.576861974783241749e-04
4.838482127524912357e-04
3.858128911815583706e-04
2.982902806252241135e-04
2.675811410881578922e-04
2.866783179342746735e-04
2.434706257190555334e-04
2.505672164261341095e-04
1.818229939090088010e-04
2.144727914128452539e-04
1.853358844527974725e-04
1.747653150232508779e-04
1.183123167720623314e-04
1.010505075100809336e-04
7.534408359788358212e-05
5.649780359817668796e-05
4.287731280783191323e-05
1.197428900923114270e-05
1.367724053125130013e-05
1.539713957754429430e-05
1.709873004074324854e-06
3.429101298024761491e-06
5.151260666025336832e-06
3.418098231122712605e-06
5.110182883072411641e-06
1.713023493721266277e-06
5.147700903762597591e-06
1.714966742838441860e-06
0.000000000000000000e+00
1.717456598271382973e-06
1.699943368294043466e-06
0.000000000000000000e+00
0.000000000000000000e+00
0.000000000000000000e+00
0.000000000000000000e+00
0.000000000000000000e+00
0.000000000000000000e+00
0.000000000000000000e+00
0.000000000000000000e+00
0.000000000000000000e+00
0.000000000000000000e+00
0.000000000000000000e+00
0.000000000000000000e+00
0.000000000000000000e+00
0.000000000000000000e+00
0.000000000000000000e+00
0.000000000000000000e+00
0.000000000000000000e+00
0.000000000000000000e+00
0.000000000000000000e+00
0.000000000000000000e+00
0.000000000000000000e+00
0.000000000000000000e+00
0.000000000000000000e+00
0.000000000000000000e+00
0.000000000000000000e+00
0.000000000000000000e+00
0.000000000000000000e+00
0.000000000000000000e+00
0.000000000000000000e+00
1.719154056445404422e-06
5.148445325175998732e-06
5.181699179956922308e-06
1.033983789966441691e-05
3.422191412028041668e-06
6.868702257634140551e-06
6.890400527481688187e-06
6.884672529849922284e-06
8.570109457650687546e-06
1.378150591335725039e-05
1.026447171170730144e-05
2.410521847195923328e-05
2.394663715676870197e-05
1.555298513267189264e-05
3.945860953535884619e-05
3.088934317929670215e-05
5.491525007528252900e-05
6.181185744935646653e-05
1.062752635334618390e-04
1.163385677500627935e-04
1.215894735651090741e-04
1.488948473706841469e-04
1.491082657594233751e-04
1.474780001444742084e-04
1.661625865381211042e-04
1.438884355593472719e-04
2.214584528701379895e-04
1.990557357203215361e-04
2.522798022255301476e-04
2.678296586964279413e-04
3.363655414432287216e-04
4.118498181924223900e-04
4.272323276381939650e-04
4.479175549931824207e-04
4.859026230406016111e-04
5.391368176788091660e-04
5.061149131506681442e-04
5.392016610130667686e-04
4.992512986063957214e-04
5.011277389712631702e-04
5.008996813558042049e-04
4.565560375340282917e-04
3.532944247126579285e-04
2.610273950267583132e-04
2.334058372071012855e-04
1.801629987312480807e-04
1.680885616224259138e-04
1.491838047513738275e-04
1.665001618675887585e-04
1.717549021122977138e-04
1.985597773455083370e-04
1.764646585797891021e-04
1.440703344997018576e-04
1.608491293154656887e-04
1.610536273801699281e-04
1.439484040020033717e-04
1.162653352366760373e-04
1.302591990679502487e-04
1.062917799572460353e-04
9.437227708986029029e-05
1.113813195843249559e-04
1.078945206245407462e-04
1.218755569425411522e-04
1.030345956678502262e-04
7.234142685774713755e-05
5.830749068991281092e-05
6.008792115608230233e-05
3.592953362385742366e-05
2.563161251600831747e-05
3.952575207222253084e-05
2.233404302387498319e-05
1.725277616060338914e-05
1.372738734062295407e-05
1.213638279295992106e-05
1.560062264616135508e-05
1.546121166029479355e-05
1.554565824335440993e-05
6.872715403005713597e-06
6.893993486301042140e-06
3.492137011562590487e-06
1.711606728349579498e-06
0.000000000000000000e+00
1.740151219564722851e-06
3.473610149740125053e-06
0.000000000000000000e+00
0.000000000000000000e+00
0.000000000000000000e+00
0.000000000000000000e+00
0.000000000000000000e+00
0.000000000000000000e+00
0.000000000000000000e+00
0.000000000000000000e+00
0.000000000000000000e+00
0.000000000000000000e+00
0.000000000000000000e+00
0.000000000000000000e+00
0.000000000000000000e+00
0.000000000000000000e+00
0.000000000000000000e+00
0.000000000000000000e+00
0.000000000000000000e+00
0.000000000000000000e+00
0.000000000000000000e+00
0.000000000000000000e+00
0.000000000000000000e+00
0.000000000000000000e+00
0.000000000000000000e+00
0.000000000000000000e+00
0.000000000000000000e+00
0.000000000000000000e+00
0.000000000000000000e+00
0.000000000000000000e+00
0.000000000000000000e+00
0.000000000000000000e+00
0.000000000000000000e+00
0.000000000000000000e+00
0.000000000000000000e+00
0.000000000000000000e+00
0.000000000000000000e+00
0.000000000000000000e+00
0.000000000000000000e+00
0.000000000000000000e+00
0.000000000000000000e+00
0.000000000000000000e+00
0.000000000000000000e+00
0.000000000000000000e+00
0.000000000000000000e+00
0.000000000000000000e+00
0.000000000000000000e+00
0.000000000000000000e+00
0.000000000000000000e+00
0.000000000000000000e+00
0.000000000000000000e+00
0.000000000000000000e+00
0.000000000000000000e+00
0.000000000000000000e+00
0.000000000000000000e+00
0.000000000000000000e+00
0.000000000000000000e+00
0.000000000000000000e+00
0.000000000000000000e+00
0.000000000000000000e+00
0.000000000000000000e+00
0.000000000000000000e+00
0.000000000000000000e+00
0.000000000000000000e+00
0.000000000000000000e+00
0.000000000000000000e+00
0.000000000000000000e+00
0.000000000000000000e+00
0.000000000000000000e+00
0.000000000000000000e+00
0.000000000000000000e+00
0.000000000000000000e+00
0.000000000000000000e+00
0.000000000000000000e+00
0.000000000000000000e+00
0.000000000000000000e+00
0.000000000000000000e+00
0.000000000000000000e+00
0.000000000000000000e+00
0.000000000000000000e+00
0.000000000000000000e+00
0.000000000000000000e+00
0.000000000000000000e+00
0.000000000000000000e+00
0.000000000000000000e+00
0.000000000000000000e+00
0.000000000000000000e+00
0.000000000000000000e+00
0.000000000000000000e+00
0.000000000000000000e+00
0.000000000000000000e+00
0.000000000000000000e+00
0.000000000000000000e+00
0.000000000000000000e+00
0.000000000000000000e+00
0.000000000000000000e+00
0.000000000000000000e+00
0.000000000000000000e+00
0.000000000000000000e+00
0.000000000000000000e+00
0.000000000000000000e+00
0.000000000000000000e+00
0.000000000000000000e+00
0.000000000000000000e+00
0.000000000000000000e+00
0.000000000000000000e+00
0.000000000000000000e+00
0.000000000000000000e+00
0.000000000000000000e+00
0.000000000000000000e+00
0.000000000000000000e+00
0.000000000000000000e+00
0.000000000000000000e+00
0.000000000000000000e+00
0.000000000000000000e+00
0.000000000000000000e+00
0.000000000000000000e+00
0.000000000000000000e+00
0.000000000000000000e+00
0.000000000000000000e+00
0.000000000000000000e+00
0.000000000000000000e+00
0.000000000000000000e+00
0.000000000000000000e+00
0.000000000000000000e+00
0.000000000000000000e+00
0.000000000000000000e+00
0.000000000000000000e+00
0.000000000000000000e+00
0.000000000000000000e+00
0.000000000000000000e+00
0.000000000000000000e+00
0.000000000000000000e+00
0.000000000000000000e+00
0.000000000000000000e+00
0.000000000000000000e+00
0.000000000000000000e+00
0.000000000000000000e+00
0.000000000000000000e+00
0.000000000000000000e+00
0.000000000000000000e+00
0.000000000000000000e+00
0.000000000000000000e+00
0.000000000000000000e+00
0.000000000000000000e+00
0.000000000000000000e+00
0.000000000000000000e+00
0.000000000000000000e+00
0.000000000000000000e+00
0.000000000000000000e+00
0.000000000000000000e+00
0.000000000000000000e+00
0.000000000000000000e+00
0.000000000000000000e+00
