5.000000000000000104e-03 0.000000000000000000e+00 0.000000000000000000e+00 0.000000000000000000e+00
1.000000000000000021e-02 8.714724086497145639e-02 7.791814936759118571e-02 1.643024457830705720e-01
1.499999999999999944e-02 9.449175538619798698e-02 7.040352014752374044e-02 2.958694019815147902e-01
2.000000000000000042e-02 4.497134729261668268e-02 4.209348381944909290e-02 6.903028592829769938e-02
2.500000000000000139e-02 8.727689981023119270e-02 7.152807825253551521e-02 2.189370480325670554e-01
3.000000000000000236e-02 9.539091777449140719e-02 6.418088673034150204e-02 3.563067773035846764e-01
3.499999999999999639e-02 9.659916351375441579e-02 7.667178347407900552e-02 2.631920606454407063e-01
4.000000000000000083e-02 9.791991065570172792e-02 7.431637942546354125e-02 2.952454317404930029e-01
4.499999999999999833e-02 1.204202139090106288e-01 1.002954142667682458e-01 2.886635389181569367e-01
4.999999999999999584e-02 1.544990359982307271e-01 1.020664479527688268e-01 5.928354720582919013e-01
5.500000000000000028e-02 1.173561939222834971e-01 1.062488916074130485e-01 2.102132412746002266e-01
5.999999999999999778e-02 1.162411495870792483e-01 9.197803005934615528e-02 3.190808288389279657e-01
6.500000000000000222e-02 1.362007461372611306e-01 1.126363201900702771e-01 3.331993470557768067e-01
7.000000000000000666e-02 1.381124966119448294e-01 1.067741650391777763e-01 4.001009485602773919e-01
7.500000000000001110e-02 1.679812237182380652e-01 1.294606979850764783e-01 4.900128188474693891e-01
8.000000000000000167e-02 1.537801740064760614e-01 1.305168168319708055e-01 3.482618399853397162e-01
8.500000000000000611e-02 1.365261990294915628e-01 1.102585393867088620e-01 3.561238336431550300e-01
9.000000000000001055e-02 1.705045568331349792e-01 1.273290047513754575e-01 5.314521722366440937e-01
9.500000000000000111e-02 1.500821723407141650e-01 1.110102023836541524e-01 4.767238411817360522e-01
1.000000000000000056e-01 1.680281130824110014e-01 1.369640319965030606e-01 4.277238309606016253e-01
1.050000000000000100e-01 1.839226168023500585e-01 1.530867824423122747e-01 4.417101920522658043e-01
1.100000000000000006e-01 1.949880209052177737e-01 1.472098327332219958e-01 5.944136740231023008e-01
1.150000000000000050e-01 1.861044903432844400e-01 1.561527338994551095e-01 4.365011742136978290e-01
1.200000000000000094e-01 2.261313712659420716e-01 1.981975972251817653e-01 4.596577222466983192e-01
1.250000000000000000e-01 2.267591791782593291e-01 1.710856373966429256e-01 6.921899884725719598e-01
1.300000000000000044e-01 2.155820264395582608e-01 1.689253823793491205e-01 6.056315707829067474e-01
1.350000000000000089e-01 2.184868446979676138e-01 1.726647640784329529e-01 6.015594386772773472e-01
1.400000000000000133e-01 2.371700867457492978e-01 1.918197263761832194e-01 6.162990994353220175e-01
1.450000000000000178e-01 2.260557314415128916e-01 1.809160590311900685e-01 6.034233927918120077e-01
1.499999999999999944e-01 2.556117757342331598e-01 2.214482495470747325e-01 5.412188546588769800e-01
1.549999999999999989e-01 2.455162489581934060e-01 1.901633667775796399e-01 7.082663439881244916e-01
1.600000000000000033e-01 2.436245224419018029e-01 2.084553386009410647e-01 5.376388993523331106e-01
1.650000000000000078e-01 2.459760116183376533e-01 2.002670380778974746e-01 6.281030304164177958e-01
1.700000000000000122e-01 2.572702297756333523e-01 2.134644833267437813e-01 6.234862700883498920e-01
1.750000000000000167e-01 2.549919834951603348e-01 2.208109778896793218e-01 5.407451903569810980e-01
1.800000000000000211e-01 2.670924353932304651e-01 2.269494466349623596e-01 6.026878214123521094e-01
1.849999999999999978e-01 2.870819272497325825e-01 2.352800973684352481e-01 7.201452250573782132e-01
1.900000000000000022e-01 3.031913556472352056e-01 2.617820911486397062e-01 6.493728068554940336e-01
1.950000000000000067e-01 3.049021608055723087e-01 2.573819694186579299e-01 7.021709608001760472e-01
2.000000000000000111e-01 2.729063439537172675e-01 2.378583617639386527e-01 5.659074750602663961e-01
2.050000000000000155e-01 3.304866673327081505e-01 2.807560583822431566e-01 7.462345581585958509e-01
2.100000000000000200e-01 3.136500739755802569e-01 2.597207072290325658e-01 7.644995799767191347e-01
2.149999999999999967e-01 3.274653576507876585e-01 2.677466770883535352e-01 8.267135271527370488e-01
2.200000000000000011e-01 3.115119116824017209e-01 2.656494260391222828e-01 6.949222916602172395e-01
2.250000000000000056e-01 3.581610085349441475e-01 3.183369421172442815e-01 6.910902037869155468e-01
2.300000000000000100e-01 3.374378904776418331e-01 2.821859225465315757e-01 7.993443423817234716e-01
2.350000000000000144e-01 3.454911129643641887e-01 3.066285285970684615e-01 6.703823182749560905e-01
2.400000000000000189e-01 3.553097177073455959e-01 3.162061112513153693e-01 6.822158676797580590e-01
2.449999999999999956e-01 3.881657343422629802e-01 3.375287790710944091e-01 8.114906804092326675e-01
2.500000000000000000e-01 3.874447730446626270e-01 3.442709673243441459e-01 7.483777888665248401e-01
2.550000000000000044e-01 3.909780894244422877e-01 3.440031356849817534e-01 7.836887026863321726e-01
2.600000000000000089e-01 4.106414025086764785e-01 3.564894469857758930e-01 8.633517506801251518e-01
2.650000000000000133e-01 4.198676830222359269e-01 3.721738254124442036e-01 8.185883326400944515e-01
2.700000000000000178e-01 4.604595748672756228e-01 4.162135863367055211e-01 8.303560389828421595e-01
2.750000000000000222e-01 4.478829427383111961e-01 3.990638063630348453e-01 8.560109228356214128e-01
2.800000000000000266e-01 4.832626200519590798e-01 4.384254300562721030e-01 8.581015284159025924e-01
2.850000000000000311e-01 4.755716286709205098e-01 4.368314174235576886e-01 7.994397946988746062e-01
2.900000000000000355e-01 4.698883354308615590e-01 4.286542078976302572e-01 8.146056416086754348e-01
2.949999999999999845e-01 5.513917981072777863e-01 5.111226597806510785e-01 8.880417945178761263e-01
2.999999999999999889e-01 5.430388468349429676e-01 5.133294414014606399e-01 7.914094762588553822e-01
3.049999999999999933e-01 5.544676619914092885e-01 5.064118058764821573e-01 9.562146191122004035e-01
3.099999999999999978e-01 5.861422853465434457e-01 5.513270231088751583e-01 8.771978776534486988e-01
3.150000000000000022e-01 5.741314839127420466e-01 5.442810126186194974e-01 8.236814239316064823e-01
3.200000000000000067e-01 5.975449829569187132e-01 5.642017121636468957e-01 8.762947267886707081e-01
3.250000000000000111e-01 6.432264620609731143e-01 6.013903838659021561e-01 9.929760757717653874e-01
3.300000000000000155e-01 6.407019871249218790e-01 6.058467179814841508e-01 9.320920371640610824e-01
3.350000000000000200e-01 6.561460138705396128e-01 6.155084678705611267e-01 9.958758984303581752e-01
3.400000000000000244e-01 6.908108602161970868e-01 6.550606271932563063e-01 9.896828082879831623e-01
3.450000000000000289e-01 6.843611108091669504e-01 6.557513723620029822e-01 9.235385242274576356e-01
3.500000000000000333e-01 7.451578694623210986e-01 7.110362982855156222e-01 1.030414204500414543e+00
3.550000000000000377e-01 7.724433049162920950e-01 7.485025428322382712e-01 9.725880759389813335e-01
3.599999999999999867e-01 8.146318629155662183e-01 7.939716590553325126e-01 9.873511671871202378e-01
3.649999999999999911e-01 8.172160504267431680e-01 7.883684552720271466e-01 1.058381945920168876e+00
3.699999999999999956e-01 8.394097893306738944e-01 8.296535267335271024e-01 9.209721446428218439e-01
3.750000000000000000e-01 8.768107833282166030e-01 8.624389053640652003e-01 9.969596831085226762e-01
3.800000000000000044e-01 8.964122219462709040e-01 8.801574687876867475e-01 1.032301958352035642e+00
3.850000000000000089e-01 8.840184183512962424e-01 8.635345431384102710e-01 1.055263615131023736e+00
3.900000000000000133e-01 9.027608120159149596e-01 8.855324212001018935e-01 1.046790159236112183e+00
3.950000000000000178e-01 8.707558790828848760e-01 8.471064024051431218e-01 1.068465504108806252e+00
4.000000000000000222e-01 8.908149395481508304e-01 8.860046168694427626e-01 9.310292371421500235e-01
4.050000000000000266e-01 8.914677346446377992e-01 8.785491820490799464e-01 9.994668343435020308e-01
4.100000000000000311e-01 8.609070643949582324e-01 8.378907216214385167e-01 1.053323689981584099e+00
4.150000000000000355e-01 8.590458089044741286e-01 8.445347616927820766e-01 9.803581635942191230e-01
4.200000000000000400e-01 8.697458688412108563e-01 8.519126056878798536e-01 1.018831948803058607e+00
4.249999999999999889e-01 8.746243958674480012e-01 8.584981846431432029e-01 1.009439521702635290e+00
4.299999999999999933e-01 8.739014554689845671e-01 8.559407467270201408e-01 1.024052980551805492e+00
4.349999999999999978e-01 9.086554211506273626e-01 8.921320775557388671e-01 1.046790573603894936e+00
4.400000000000000022e-01 9.147105348464116270e-01 8.983987675139255558e-01 1.051076909745994437e+00
4.450000000000000067e-01 8.829703610159314042e-01 8.672155007695778739e-01 1.014680992675445648e+00
4.500000000000000111e-01 9.084497609572383947e-01 8.896895009441809776e-01 1.065285534666399858e+00
4.550000000000000155e-01 9.303347028424612253e-01 9.272499335882680160e-01 9.561233738075184396e-01
4.600000000000000200e-01 9.455034496807993571e-01 9.345677979729163365e-01 1.036925497958700593e+00
4.650000000000000244e-01 9.626974312662295308e-01 9.510064951810978107e-01 1.060433656937929792e+00
4.700000000000000289e-01 9.707619360931030172e-01 9.676116473169728005e-01 9.970983502615519134e-01
4.750000000000000333e-01 9.600745493737117275e-01 9.518976170983654006e-01 1.028433703195606563e+00
4.800000000000000377e-01 9.879420187604525116e-01 9.843645861092877869e-01 1.017849355724190108e+00
4.849999999999999867e-01 1.020708454967139245e+00 1.010465346498223393e+00 1.106340841767276428e+00
4.899999999999999911e-01 1.004244757134183708e+00 1.001674121987838673e+00 1.025735266957626735e+00
4.949999999999999956e-01 1.025054598841966591e+00 1.016919629754891474e+00 1.093062940409913697e+00
5.000000000000000000e-01 1.027836701148689524e+00 1.020416740978506098e+00 1.089867568171421386e+00
5.050000000000000044e-01 1.022056414723075735e+00 1.017051039125335565e+00 1.063901354720183434e+00
5.100000000000000089e-01 1.043576281224560365e+00 1.033134053958184584e+00 1.130873301171462231e+00
5.150000000000000133e-01 1.031284728949667606e+00 1.029517631656016619e+00 1.046057662324587634e+00
5.200000000000000178e-01 1.058408664625468898e+00 1.038992380212744537e+00 1.220728802315844685e+00
5.250000000000000222e-01 1.061693419049867249e+00 1.035110636797870409e+00 1.283925478676561927e+00
5.300000000000000266e-01 1.061580041475189917e+00 1.044488869939999232e+00 1.204462235509385248e+00
5.350000000000000311e-01 1.057752080189454880e+00 1.034426975091333745e+00 1.252749958809747932e+00
5.400000000000000355e-01 1.064492022169620355e+00 1.045729498799522927e+00 1.221346717543635663e+00
5.450000000000000400e-01 1.063939244389676464e+00 1.044305586601653069e+00 1.228076623497553754e+00
5.500000000000000444e-01 1.039684211169783712e+00 1.007259893384112592e+00 1.310751507857994325e+00
5.550000000000000488e-01 1.088440387773526918e+00 1.052296924258970146e+00 1.390599742755221246e+00
5.600000000000000533e-01 1.065723800650795416e+00 1.033726639268968572e+00 1.333220069802868890e+00
5.650000000000000577e-01 1.079546627639408118e+00 1.049778930925826526e+00 1.328404572164951558e+00
5.700000000000000622e-01 1.089629452113703101e+00 1.040705706847389944e+00 1.498631962540082574e+00
5.750000000000000666e-01 1.080132754111919891e+00 1.031948053885281658e+00 1.482956848006615758e+00
5.800000000000000711e-01 1.058276615371894547e+00 1.014082005607801040e+00 1.427743552999717780e+00
5.849999999999999645e-01 1.113590868852257554e+00 1.070258604954474668e+00 1.475848595037722477e+00
5.899999999999999689e-01 1.069096069009836780e+00 1.024958030189322855e+00 1.438090073549332493e+00
5.949999999999999734e-01 1.100218908029075182e+00 1.064722982761067804e+00 1.396964843269617784e+00
5.999999999999999778e-01 1.085108522255584074e+00 1.047421539204945073e+00 1.400171700558925147e+00
6.049999999999999822e-01 1.081053934400291405e+00 1.038617414112869675e+00 1.435823244003136434e+00
6.099999999999999867e-01 1.062836663732830367e+00 1.028402562809235032e+00 1.350705747454087113e+00
6.149999999999999911e-01 1.074742302896741553e+00 1.031987027277327051e+00 1.432176407075047564e+00
6.199999999999999956e-01 1.049984254878270296e+00 1.009340213927912622e+00 1.389768437223261488e+00
6.250000000000000000e-01 1.049756463379013072e+00 1.008269254976763785e+00 1.396589525621817263e+00
6.300000000000000044e-01 1.064578520943001427e+00 1.026058551329030344e+00 1.386605466915800777e+00
6.350000000000000089e-01 1.053379242470348753e+00 1.021786533205158110e+00 1.317494291927344241e+00
6.400000000000000133e-01 1.062104503170998804e+00 1.026389504803464359e+00 1.360681889523587262e+00
6.450000000000000178e-01 1.071342393573318397e+00 1.034981290889345873e+00 1.375321212011329619e+00
6.500000000000000222e-01 1.043543461380396664e+00 1.012381535026148027e+00 1.304057165701915322e+00
6.550000000000000266e-01 1.049049416771021370e+00 1.018172469465770114e+00 1.307180696242923545e+00
6.600000000000000311e-01 1.054862380266811117e+00 1.024917138585060172e+00 1.305204600726248998e+00
6.650000000000000355e-01 1.093495842983713384e+00 1.060787293906897188e+00 1.366939313265894462e+00
6.700000000000000400e-01 1.067942197037780261e+00 1.039234889639223169e+00 1.307935286889717386e+00
6.750000000000000444e-01 1.076199590703114994e+00 1.049715588324924509e+00 1.297605850584787612e+00
6.800000000000000488e-01 1.051957839558921082e+00 1.025469459260231364e+00 1.273400698855966962e+00
6.850000000000000533e-01 1.071236436993239893e+00 1.044203357561330758e+00 1.297232981043998423e+00
6.900000000000000577e-01 1.095974587200676753e+00 1.075362643269288210e+00 1.268290438467088110e+00
6.950000000000000622e-01 1.081103228426747664e+00 1.055822777923239197e+00 1.292447794636076619e+00
7.000000000000000666e-01 1.100816634020447271e+00 1.070464664897238904e+00 1.354559095890467635e+00
7.050000000000000711e-01 1.086420436305469917e+00 1.060660800840073303e+00 1.301770988796184358e+00
7.099999999999999645e-01 1.104438964705323656e+00 1.074782481231172593e+00 1.352367166549225841e+00
7.149999999999999689e-01 1.104534977002044505e+00 1.084977223856609996e+00 1.268037793297877247e+00
7.199999999999999734e-01 1.109550420868977039e+00 1.083462105828162381e+00 1.327648734610190173e+00
7.249999999999999778e-01 1.088122593737210764e+00 1.071838931918307924e+00 1.224254006543239015e+00
7.299999999999999822e-01 1.097777539582451833e+00 1.074661266219497424e+00 1.291029584896750126e+00
7.349999999999999867e-01 1.112357162631484542e+00 1.097660546390595737e+00 1.235220874405313918e+00
7.399999999999999911e-01 1.129331887563168824e+00 1.123885943971310031e+00 1.174859975991110472e+00
7.449999999999999956e-01 1.101847776794520728e+00 1.090538480247157604e+00 1.196393495930478279e+00
7.500000000000000000e-01 1.126657634533939190e+00 1.112085661120529867e+00 1.248479332270042930e+00
7.550000000000000044e-01 1.115794300835698527e+00 1.095566725858833745e+00 1.284896827642287409e+00
7.600000000000000089e-01 1.102089066239611226e+00 1.081568781164909288e+00 1.273638649464117867e+00
7.650000000000000133e-01 1.102320940938127158e+00 1.079356228991928957e+00 1.294305932808344384e+00
7.700000000000000178e-01 1.115484030782360581e+00 1.090958108204386878e+00 1.320520743534217001e+00
7.750000000000000222e-01 1.130372347111151532e+00 1.110170192070675466e+00 1.299262363249529484e+00
7.800000000000000266e-01 1.171509537487315900e+00 1.168243283017138534e+00 1.198815424858000300e+00
7.850000000000000311e-01 1.133362728824776067e+00 1.119254157356198487e+00 1.251310386302082023e+00
7.900000000000000355e-01 1.133958033574744118e+00 1.114886267378970119e+00 1.293397998971415275e+00
7.950000000000000400e-01 1.125558686572952549e+00 1.112763864132330749e+00 1.232523402176553207e+00
8.000000000000000444e-01 1.145459650605822999e+00 1.132041453675225018e+00 1.257635776945620787e+00
8.050000000000000488e-01 1.127818256777683104e+00 1.107167216599519222e+00 1.300460952667133796e+00
8.100000000000000533e-01 1.139327272982403327e+00 1.128584784059849522e+00 1.229134480374955540e+00
8.150000000000000577e-01 1.146243722704757495e+00 1.129011921445696176e+00 1.290301581230512085e+00
8.200000000000000622e-01 1.158764840419141073e+00 1.148054616996953659e+00 1.248302308228627311e+00
8.250000000000000666e-01 1.141790229676075574e+00 1.127951342319713168e+00 1.257483327975264853e+00
8.300000000000000711e-01 1.156530952122806211e+00 1.139960627891903666e+00 1.295058862693153845e+00
8.350000000000000755e-01 1.166039842116007863e+00 1.150323793284534935e+00 1.297426010347119574e+00
8.399999999999999689e-01 1.194022152803128289e+00 1.178936808871420272e+00 1.320135628072206968e+00
8.449999999999999734e-01 1.174306334302908761e+00 1.158830679884470971e+00 1.303682805241049181e+00
8.499999999999999778e-01 1.174557191823593971e+00 1.153271081184965352e+00 1.352509076762532958e+00
8.549999999999999822e-01 1.177520529006655492e+00 1.152541410287846846e+00 1.386345961495894397e+00
8.599999999999999867e-01 1.149410248234135734e+00 1.131970789545629241e+00 1.295204122870052377e+00
8.649999999999999911e-01 1.200181654987249491e+00 1.185412878678226978e+00 1.323648624930676698e+00
8.699999999999999956e-01 1.190886088790852115e+00 1.171645446261780465e+00 1.351737860333891650e+00
8.750000000000000000e-01 1.167177877777151540e+00 1.149377308470050707e+00 1.315990637184517587e+00
8.800000000000000044e-01 1.194040376902135936e+00 1.165538510985801413e+00 1.432315975962692223e+00
8.850000000000000089e-01 1.189586479872307034e+00 1.175265937361009705e+00 1.309306215266751394e+00
8.900000000000000133e-01 1.182412224949097368e+00 1.157604381308290353e+00 1.389805797786245689e+00
8.950000000000000178e-01 1.185330953253654895e+00 1.161609545675786670e+00 1.383641920604632203e+00
9.000000000000000222e-01 1.183764877940435500e+00 1.155259777401246080e+00 1.422067518448058454e+00
9.050000000000000266e-01 1.166362928608268401e+00 1.133460630539774083e+00 1.441426140460881467e+00
9.100000000000000311e-01 1.154431270810271748e+00 1.124047534257745840e+00 1.408439308389388911e+00
9.150000000000000355e-01 1.163886236056068890e+00 1.131667358409440327e+00 1.433236053181883962e+00
9.200000000000000400e-01 1.165512945163993397e+00 1.140334906755481326e+00 1.376001346259154490e+00
9.250000000000000444e-01 1.183090355895508816e+00 1.153999112441629560e+00 1.426293151169938600e+00
9.300000000000000488e-01 1.175064140141530489e+00 1.141318535693986558e+00 1.457177393322996561e+00
9.350000000000000533e-01 1.167932118859777102e+00 1.140620058030209938e+00 1.396260947394961871e+00
9.400000000000000577e-01 1.180178941713772023e+00 1.149214298915614219e+00 1.439043355506368194e+00
9.450000000000000622e-01 1.170156261989493185e+00 1.140637275378215021e+00 1.416934990059777633e+00
9.500000000000000666e-01 1.165855007301253687e+00 1.131895727213193981e+00 1.449754588837433023e+00
9.550000000000000711e-01 1.152309497928134530e+00 1.116610695876900872e+00 1.450751483076449855e+00
9.600000000000000755e-01 1.162670753340667718e+00 1.120576920314813041e+00 1.514575197436813569e+00
9.649999999999999689e-01 1.153651200849455050e+00 1.114895680244997633e+00 1.477647353102718997e+00
9.699999999999999734e-01 1.135466716158008094e+00 1.102894549539070734e+00 1.407770029092327180e+00
9.749999999999999778e-01 1.139416149103310572e+00 1.103982659258650800e+00 1.435640124204669243e+00
9.799999999999999822e-01 1.162416907348889028e+00 1.126067161206636191e+00 1.466300785098122006e+00
9.849999999999999867e-01 1.136009218117247199e+00 1.097385509998830111e+00 1.458903417987213569e+00
9.899999999999999911e-01 1.153464501240987428e+00 1.104709144273540389e+00 1.561059285488843873e+00
9.949999999999999956e-01 1.141123589585036902e+00 1.098865836077228320e+00 1.494398408910319276e+00
1.000000000000000000e+00 1.132244935392288543e+00 1.087390454547931817e+00 1.507228395251113628e+00
1.004999999999999893e+00 1.143293945458391914e+00 1.090477998420860128e+00 1.584835262692157132e+00
1.010000000000000009e+00 1.122924552177636759e+00 1.078447224706407193e+00 1.494755009837119397e+00
1.014999999999999902e+00 1.144129849888711803e+00 1.097645854500469031e+00 1.532736051334423921e+00
1.020000000000000018e+00 1.122961793568602484e+00 1.077869794319256780e+00 1.499930907293131277e+00
1.024999999999999911e+00 1.135513018481462577e+00 1.083191344444655924e+00 1.572922213429165605e+00
1.029999999999999805e+00 1.135725628289246059e+00 1.085259940845761495e+00 1.557618775316777393e+00
1.034999999999999920e+00 1.132861173720326908e+00 1.084479308672228859e+00 1.537333565522426948e+00
1.039999999999999813e+00 1.121866482522696051e+00 1.072943766022607770e+00 1.530860392463432085e+00
1.044999999999999929e+00 1.125964910861113166e+00 1.080371601097454448e+00 1.507124980485300636e+00
1.049999999999999822e+00 1.141147960679571582e+00 1.096255053110145150e+00 1.516452667959976797e+00
1.054999999999999938e+00 1.134771068901180513e+00 1.074252077984098275e+00 1.640709832967986559e+00
1.059999999999999831e+00 1.118321553817453795e+00 1.066378808386853283e+00 1.552562905617275835e+00
1.064999999999999947e+00 1.132441289930548933e+00 1.081435823821228270e+00 1.558846986604469853e+00
1.069999999999999840e+00 1.118386418374268221e+00 1.057620916172508974e+00 1.626386016780976052e+00
1.074999999999999956e+00 1.123333472266131450e+00 1.061013375410948756e+00 1.644329481975459473e+00
1.079999999999999849e+00 1.125325939048489321e+00 1.070431047493973775e+00 1.584247232444237818e+00
1.084999999999999964e+00 1.113854737221039004e+00 1.064652325047116932e+00 1.525186902995026461e+00
1.089999999999999858e+00 1.124905848232728767e+00 1.069211793015076850e+00 1.590508149852300601e+00
1.094999999999999973e+00 1.112139921450343572e+00 1.070676464077007894e+00 1.458774425091431848e+00
1.099999999999999867e+00 1.096240760198152531e+00 1.045879931814986064e+00 1.517257285481424578e+00
1.104999999999999982e+00 1.117676987982478165e+00 1.061701018004378438e+00 1.585636096999391453e+00
1.109999999999999876e+00 1.112793963742801484e+00 1.057509752950082094e+00 1.574969965969934105e+00
1.114999999999999991e+00 1.109197550925960396e+00 1.067612570083035894e+00 1.456847990772808688e+00
1.119999999999999885e+00 1.111689902086667292e+00 1.067511594857672108e+00 1.481020550521065626e+00
1.125000000000000000e+00 1.112884127819585345e+00 1.075461258751433613e+00 1.425739313229331895e+00
1.129999999999999893e+00 1.112313250454453506e+00 1.064312118589632927e+00 1.513602712844354325e+00
1.135000000000000009e+00 1.116556122991022582e+00 1.070593525468285012e+00 1.500803438281108626e+00
1.139999999999999902e+00 1.109968088479081461e+00 1.066018171874980602e+00 1.477389391289363862e+00
1.145000000000000018e+00 1.092087404043616150e+00 1.051739769470292574e+00 1.429393629076603389e+00
1.149999999999999911e+00 1.106088068427672821e+00 1.071171133044431567e+00 1.397993648231566910e+00
1.155000000000000027e+00 1.108556499918335936e+00 1.067959515087626654e+00 1.447947293103066579e+00
1.159999999999999920e+00 1.101803124144405732e+00 1.068631906601700265e+00 1.379114502801423781e+00
1.164999999999999813e+00 1.117751613651598808e+00 1.080044154402619139e+00 1.432985972973066735e+00
1.169999999999999929e+00 1.123771148570641865e+00 1.089032880537114778e+00 1.414183069330926967e+00
1.174999999999999822e+00 1.100543901574956518e+00 1.064911914375136659e+00 1.398427314565450885e+00
1.179999999999999938e+00 1.107135248488166024e+00 1.074254095656903329e+00 1.382021686157521190e+00
1.184999999999999831e+00 1.104132637214953139e+00 1.078905352464819112e+00 1.315032737726073098e+00
1.189999999999999947e+00 1.082650345186262353e+00 1.059834915346821616e+00 1.273387338643985567e+00
1.194999999999999840e+00 1.092156188908261383e+00 1.070236333656410466e+00 1.275406178813735636e+00
1.199999999999999956e+00 1.092708321157552120e+00 1.055427518862273928e+00 1.404375828346076105e+00
1.204999999999999849e+00 1.074570428683133017e+00 1.053874997826843796e+00 1.247584230641710423e+00
1.209999999999999964e+00 1.099600471688348957e+00 1.070628795549132928e+00 1.341803684212194980e+00
1.214999999999999858e+00 1.080669619420640659e+00 1.046235549695358591e+00 1.368538442323998794e+00
1.219999999999999973e+00 1.083852325362560265e+00 1.052142785854070395e+00 1.348944075653534691e+00
1.224999999999999867e+00 1.080442982420841913e+00 1.049597061730315861e+00 1.338314879393640799e+00
1.229999999999999982e+00 1.087137937401589260e+00 1.055790035977334673e+00 1.349206393308359342e+00
1.234999999999999876e+00 1.070114230755652152e+00 1.042038817102546755e+00 1.304824688895612761e+00
1.239999999999999991e+00 1.065487852518903988e+00 1.037462954820539407e+00 1.299775997277231143e+00
1.244999999999999885e+00 1.064169033396353381e+00 1.035950776241729043e+00 1.300073663209012631e+00
1.250000000000000000e+00 1.064017607567761869e+00 1.037852616081180512e+00 1.282756936395580194e+00
1.254999999999999893e+00 1.044217633644674015e+00 1.016762507111016678e+00 1.273742491466051563e+00
1.260000000000000009e+00 1.050493787028543569e+00 1.030540040146310954e+00 1.217307110964007677e+00
1.264999999999999902e+00 1.051405000708057758e+00 1.022073738261453757e+00 1.296614354761667531e+00
1.270000000000000018e+00 1.042044661193878730e+00 1.009539928142913823e+00 1.313784229499945777e+00
1.274999999999999911e+00 1.053579650048133143e+00 1.023975831884381460e+00 1.301067569897098597e+00
1.280000000000000027e+00 1.050114923787356158e+00 1.030536971222349774e+00 1.213786607230808556e+00
1.284999999999999920e+00 1.037480767005132032e+00 1.006738284451677456e+00 1.294487921152011722e+00
1.289999999999999813e+00 1.026708356947687140e+00 1.005150021731832322e+00 1.206936039352233703e+00
1.294999999999999929e+00 1.050784370267966894e+00 1.015446857353663246e+00 1.346205978231547196e+00
1.299999999999999822e+00 1.027071561833643232e+00 9.939503404545287912e-01 1.303964972563040003e+00
1.304999999999999938e+00 1.031857628255458792e+00 1.001565801975219161e+00 1.285097295958260055e+00
1.309999999999999831e+00 1.025469450131572202e+00 9.937339997562018024e-01 1.290777815269669615e+00
1.314999999999999947e+00 1.022618528043638619e+00 9.980015052338110371e-01 1.228416838733797034e+00
1.319999999999999840e+00 1.030739988717162436e+00 1.000124252795191904e+00 1.286687541024831738e+00
1.324999999999999956e+00 1.023977708512115115e+00 1.003150764782778648e+00 1.198090958089368829e+00
1.329999999999999849e+00 1.004510911639596049e+00 9.754894769162298918e-01 1.247130105926936405e+00
1.334999999999999964e+00 1.010812767758910269e+00 9.827674146252075582e-01 1.245271919956665085e+00
1.339999999999999858e+00 1.001445045034697223e+00 9.767505424075724196e-01 1.207891086997462393e+00
1.344999999999999973e+00 1.000892450678978474e+00 9.784683039960004880e-01 1.188358316948675331e+00
1.349999999999999867e+00 1.008267849117723269e+00 9.814753257783331852e-01 1.232253344235024972e+00
1.354999999999999982e+00 1.009988752345044816e+00 9.907370994826235622e-01 1.170932570274886730e+00
1.359999999999999876e+00 1.020531621993668647e+00 9.960088820333744541e-01 1.225541728061725566e+00
1.364999999999999991e+00 1.003212743766140891e+00 9.794405631451809091e-01 1.201948173757364735e+00
1.369999999999999885e+00 1.012928298799384175e+00 9.950981663729768778e-01 1.161988205884149972e+00
1.375000000000000000e+00 1.005713242283390318e+00 9.821008004178246598e-01 1.203113256279519927e+00
1.379999999999999893e+00 9.812643646985037549e-01 9.581386401245630680e-01 1.174595422136647915e+00
1.385000000000000009e+00 9.971637879743916466e-01 9.796494656102673337e-01 1.143583522938470765e+00
1.389999999999999902e+00 9.915860598658239322e-01 9.770629781360872235e-01 1.112999023126423292e+00
1.395000000000000018e+00 9.983786879796803237e-01 9.790639173764672520e-01 1.159850170222541887e+00
1.399999999999999911e+00 9.701862824569857935e-01 9.553737455415441948e-01 1.094019091070078442e+00
1.405000000000000027e+00 9.843739870113286106e-01 9.733926005223437761e-01 1.076178378059240881e+00
1.409999999999999920e+00 1.000750245293200225e+00 9.913526183304266493e-01 1.079314406701985973e+00
1.414999999999999813e+00 9.882589607725821290e-01 9.746239906910002526e-01 1.102247310654607793e+00
1.419999999999999929e+00 9.832460722357826421e-01 9.755102395808545879e-01 1.047917633230980083e+00
1.424999999999999822e+00 9.938008761104091260e-01 9.848087289685762968e-01 1.068975226216131835e+00
1.429999999999999938e+00 9.825661028660060969e-01 9.676221607438663108e-01 1.107497459007095175e+00
1.434999999999999831e+00 9.830152903858193625e-01 9.801733407255147634e-01 1.006773989545965087e+00
1.439999999999999947e+00 9.728314532468592679e-01 9.655534143271378156e-01 1.033675858615731524e+00
1.444999999999999840e+00 9.592279203638733875e-01 9.486936350837549270e-01 1.047294545305663238e+00
1.449999999999999956e+00 9.672863649331058244e-01 9.640602122015138331e-01 9.942570017692144990e-01
1.454999999999999849e+00 9.786388889153290194e-01 9.779892380721305623e-01 9.840699699644691600e-01
1.459999999999999964e+00 9.732233254549340629e-01 9.721541789732878192e-01 9.821613900414979392e-01
1.464999999999999858e+00 9.716523437809445607e-01 9.689883155555139016e-01 9.939236197455441069e-01
1.469999999999999973e+00 9.541831489678689326e-01 9.517703476121210926e-01 9.743541683019213417e-01
1.474999999999999867e+00 9.623401790835263148e-01 9.617132088642925680e-01 9.675816501163208017e-01
1.479999999999999982e+00 9.718217073344754819e-01 9.758306681647468395e-01 9.383067947934081721e-01
1.484999999999999876e+00 9.736000147028626150e-01 9.678444726994737124e-01 1.021716345851194863e+00
1.489999999999999991e+00 9.610199470728432170e-01 9.629662710780294566e-01 9.447486783894862850e-01
1.494999999999999885e+00 9.518359326575825952e-01 9.574596979841590860e-01 9.048212545274039176e-01
1.500000000000000000e+00 9.565119687143198712e-01 9.544555419161004917e-01 9.737036967474332894e-01
1.504999999999999893e+00 9.496979204260957985e-01 9.573263332065107267e-01 8.859243895818286196e-01
1.510000000000000009e+00 9.611862454484401130e-01 9.598947626095496455e-01 9.719830419815640443e-01
1.514999999999999902e+00 9.576234281335566090e-01 9.582290299198348293e-01 9.525605972002711974e-01
1.520000000000000018e+00 9.612894653166959014e-01 9.611540030143365110e-01 9.624219301644197921e-01
1.524999999999999911e+00 9.465132581984324611e-01 9.438493348481262757e-01 9.687836574069915718e-01
1.530000000000000027e+00 9.429619446140014016e-01 9.501560550930465698e-01 8.828191810091852165e-01
1.534999999999999920e+00 9.691356042413913352e-01 9.703051965687679026e-01 9.593578123845223349e-01
1.540000000000000036e+00 9.656284183297231261e-01 9.678994165345899958e-01 9.466428733370367832e-01
1.544999999999999929e+00 9.735869029208779057e-01 9.765648838065883464e-01 9.486909827163382269e-01
1.549999999999999822e+00 9.712056357394660555e-01 9.768524311464729104e-01 9.239984261368878737e-01
1.554999999999999938e+00 9.554082940359673870e-01 9.583097622240825952e-01 9.311520199833230871e-01
1.559999999999999831e+00 9.671737442796708439e-01 9.688429118073502710e-01 9.532195037482711353e-01
1.564999999999999947e+00 9.593633658117545204e-01 9.690307903530875899e-01 8.785436966462096819e-01
1.569999999999999840e+00 9.577895543399126410e-01 9.681740048018628864e-01 8.709755484780089541e-01
1.574999999999999956e+00 9.601815222178039511e-01 9.688987164397160345e-01 8.873057785226174943e-01
1.579999999999999849e+00 9.677317009268122661e-01 9.735541306031023634e-01 9.190561888330256446e-01
1.584999999999999964e+00 9.747958603601801775e-01 9.888479943733704536e-01 8.573200200099077017e-01
1.589999999999999858e+00 9.563411902920317953e-01 9.636842843633447453e-01 8.949529238558561195e-01
1.594999999999999973e+00 9.686571421429984730e-01 9.738563896150040922e-01 9.251914332770312388e-01
1.599999999999999867e+00 9.626071583934201481e-01 9.715881799308920819e-01 8.875258183401536494e-01
1.604999999999999982e+00 9.652578927188599778e-01 9.721434505829398276e-01 9.076946289751542940e-01
1.609999999999999876e+00 9.749499268052075340e-01 9.853739217663705086e-01 8.878053289298846185e-01
1.614999999999999991e+00 9.534735702705802174e-01 9.590001115762737394e-01 9.072716849549833373e-01
1.619999999999999885e+00 9.843717197246487638e-01 9.924104230711734420e-01 9.171681597477021608e-01
1.625000000000000000e+00 9.662387260761308161e-01 9.708972428846175395e-01 9.272935255571826962e-01
1.629999999999999893e+00 9.667818895022201042e-01 9.775757897963739396e-01 8.765448830430931926e-01
1.635000000000000009e+00 9.832595914330779507e-01 9.927950558962415073e-01 9.035431085210309243e-01
1.639999999999999902e+00 9.704245746787011351e-01 9.788429665957067982e-01 9.000468182525324101e-01
1.645000000000000018e+00 9.885887902035623842e-01 9.940741489152177257e-01 9.427311913741238669e-01
1.649999999999999911e+00 9.765644960951587183e-01 9.831637970404318860e-01 9.213943401926751875e-01
1.655000000000000027e+00 9.856384287553355827e-01 9.907776673454662397e-01 9.426743941418422867e-01
1.659999999999999920e+00 9.821481616009654081e-01 9.912955416590454316e-01 9.056760643154172508e-01
1.665000000000000036e+00 9.694979267168127857e-01 9.794490902127032106e-01 8.863061998911682116e-01
1.669999999999999929e+00 9.780912283608866886e-01 9.851924645361073152e-01 9.187248939360432853e-01
1.674999999999999822e+00 9.876985797501856013e-01 9.981048098181890538e-01 9.007024963816749885e-01
1.679999999999999938e+00 9.638781646132343894e-01 9.733325041849154591e-01 8.848398857939804296e-01
1.684999999999999831e+00 9.941956260069485518e-01 1.006090439170277628e+00 8.947549879615179780e-01
1.689999999999999947e+00 9.771616639943829785e-01 9.900185967048438229e-01 8.696777065349292624e-01
1.694999999999999840e+00 9.746741689663911412e-01 9.825923679777958109e-01 9.084780252310471482e-01
1.699999999999999956e+00 9.729830896571420862e-01 9.819225958254659270e-01 8.982488180899557140e-01
1.704999999999999849e+00 9.825471046531001340e-01 9.919995163077194311e-01 9.035249432204824904e-01
1.709999999999999964e+00 9.908778074721006357e-01 9.974020908479459546e-01 9.363347984500324239e-01
1.714999999999999858e+00 9.800631521961342685e-01 9.921782318603836748e-01 8.787810862030092096e-01
1.719999999999999973e+00 1.000108911864996397e+00 1.007933610756223564e+00 9.346944291343344258e-01
1.724999999999999867e+00 9.832908487904734596e-01 9.958420229743690788e-01 8.783630326131044441e-01
1.729999999999999982e+00 9.887913239662688980e-01 9.929666942210528813e-01 9.538852286362743405e-01
1.734999999999999876e+00 9.824871796209958541e-01 9.916394614890033932e-01 9.059741032044543729e-01
1.739999999999999991e+00 9.728760479247338111e-01 9.788557163358267976e-01 9.228860200079956888e-01
1.744999999999999885e+00 9.796972531303673737e-01 9.883189072328624203e-01 9.076202248335079048e-01
1.750000000000000000e+00 9.821139513757645156e-01 9.927188727279027125e-01 8.934568088718860546e-01
1.754999999999999893e+00 9.862426076787199625e-01 1.002273695663093989e+00 8.522227121293545204e-01
1.760000000000000009e+00 9.841782749057518265e-01 9.949410667949603049e-01 8.942013347119704969e-01
1.764999999999999902e+00 9.992133109759155918e-01 1.004561909556045407e+00 9.544990268460328275e-01
1.770000000000000018e+00 9.908959235565376611e-01 9.968311258022068966e-01 9.412776327827417910e-01
1.774999999999999911e+00 9.890403655143753525e-01 9.959788344138773564e-01 9.310347655145386758e-01
1.780000000000000027e+00 9.911358017948426191e-01 9.996836342928169250e-01 9.196759221117787320e-01
1.784999999999999920e+00 9.897610914755677891e-01 9.967519612705940668e-01 9.313174199891495197e-01
1.790000000000000036e+00 9.779934593653225594e-01 9.876135088310773469e-01 8.975698458316123673e-01
1.794999999999999929e+00 9.802773806515115984e-01 9.908702924636895171e-01 8.917206379017061924e-01
1.799999999999999822e+00 9.997077240237386420e-01 1.007211749495624975e+00 9.369740710787670679e-01
1.804999999999999938e+00 9.927501480111822207e-01 9.981273933292700296e-01 9.477963771519692937e-01
1.809999999999999831e+00 9.922520148810931584e-01 9.969796255791951722e-01 9.527291894449628762e-01
1.814999999999999947e+00 9.924992975544156826e-01 9.949213484319814338e-01 9.722509522179677566e-01
1.819999999999999840e+00 9.789707738235055023e-01 9.863753619055246613e-01 9.170684174578260794e-01
1.824999999999999956e+00 9.892424037381319923e-01 1.000617744614744176e+00 8.941445540096519817e-01
1.829999999999999849e+00 9.942407664765952058e-01 9.989163515056530551e-01 9.551528756336720161e-01
1.834999999999999964e+00 1.000397154433248392e+00 1.011210530128868523e+00 9.099973336178633909e-01
1.839999999999999858e+00 1.000313161455372191e+00 1.008434956364740120e+00 9.324149560130573500e-01
1.844999999999999973e+00 9.911265783757887693e-01 9.961176979987864666e-01 9.494008183275270962e-01
1.849999999999999867e+00 9.914013257286684588e-01 9.983449294756384651e-01 9.333527984039996506e-01
1.854999999999999982e+00 9.989202357158918355e-01 9.987259845330591634e-01 1.000544175604373365e+00
1.859999999999999876e+00 9.991747893595460672e-01 1.006735590831052463e+00 9.359664890577532592e-01
1.864999999999999991e+00 9.948784835749707733e-01 1.007418702902530994e+00 8.900422499965694456e-01
1.869999999999999885e+00 1.014304340414447836e+00 1.019583263177616939e+00 9.701725461143553275e-01
1.875000000000000000e+00 1.025607054420019537e+00 1.034761252273921794e+00 9.490779603613969106e-01
1.879999999999999893e+00 1.007046765430035240e+00 1.015149033024708825e+00 9.393118083385634254e-01
1.885000000000000009e+00 9.978878552324832452e-01 1.005311055707091228e+00 9.358298992647624548e-01
1.889999999999999902e+00 1.000734273597732926e+00 1.009958218739705149e+00 9.236220922108477893e-01
1.895000000000000018e+00 1.008397076660527913e+00 1.014658400103791935e+00 9.560524126748399798e-01
1.899999999999999911e+00 1.022727605539352158e+00 1.028709310155124568e+00 9.727205549514945648e-01
1.905000000000000027e+00 1.010004179366070565e+00 1.024604511672736695e+00 8.879454012823417841e-01
1.909999999999999920e+00 1.010956379454632792e+00 1.020390002450682010e+00 9.320912912076597667e-01
1.915000000000000036e+00 1.006289830300910237e+00 1.016421087093078324e+00 9.215925235183831665e-01
1.919999999999999929e+00 1.012377451775571258e+00 1.021532010659875755e+00 9.358453395027866994e-01
1.924999999999999822e+00 1.011053375357331419e+00 1.020918946824797668e+00 9.285771978893148093e-01
1.929999999999999938e+00 9.949629733481268890e-01 1.004666976412337709e+00 9.138375077313254380e-01
1.934999999999999831e+00 9.963430353354952862e-01 1.010485384559000499e+00 8.781129958269913161e-01
1.939999999999999947e+00 1.021277496584229727e+00 1.026177509362196982e+00 9.803133897604208169e-01
1.944999999999999840e+00 1.033479034092843474e+00 1.041372542505022203e+00 9.674893037670297957e-01
1.949999999999999956e+00 1.010334461704472719e+00 1.023245330747392767e+00 9.023995965056620383e-01
1.954999999999999849e+00 9.941901674457254146e-01 1.003457551444385976e+00 9.167148372169238169e-01
1.959999999999999964e+00 1.017228000713898517e+00 1.029402151469148041e+00 9.154521004000114592e-01
1.964999999999999858e+00 1.021256502873984839e+00 1.034717417044446863e+00 9.087232604089244825e-01
1.969999999999999973e+00 1.013045437808164362e+00 1.022242512625450628e+00 9.361578923356518311e-01
1.974999999999999867e+00 1.016772257461881157e+00 1.032343122935660329e+00 8.865998221010846780e-01
1.979999999999999982e+00 1.023836611279460129e+00 1.036932992434250078e+00 9.143508648254152771e-01
1.984999999999999876e+00 1.020275830122609140e+00 1.031761931213322159e+00 9.242520250042467467e-01
1.989999999999999991e+00 1.013115889170655537e+00 1.029048858052605375e+00 8.799162693175530681e-01
1.994999999999999885e+00 1.018504130858666645e+00 1.037256584777023871e+00 8.617336161012039142e-01
