5.4405227	5.4405227
 SITO   1  1  -1.74448   1.37857
 SITO   2  1  -0.09135  -0.01218
 SITO   3  1  -1.98959   2.60499
 SITO   4  1  -1.43602  -2.96443
 SITO   5  1   0.75633   0.51023
 SITO   6  1   1.41776  -0.11410
 SITO   7  1   0.75069  -0.70731
 SITO   8  1  -2.40736   1.37030
 SITO   9  1   0.96736  -0.11932
 SITO  10  1  -0.48690   1.85893
 SITO  11  1  -2.04353   1.00991
 SITO  12  1  -2.38325   1.78523
 SITO  13  1  -0.08948   1.22470
 SITO  14  1   0.21268   0.80299
 SITO  15  1   1.89104   0.45568
 SITO  16  1  -2.44392   0.15858
 SITO  17  1   1.95222  -1.59928
 SITO  18  1   0.69824   1.06550
 SITO  19  1   1.28690   0.62417
 SITO  20  1  -0.39256   0.84513
 SITO  21  1  -2.87063  -1.67409
 SITO  22  1   2.53869   2.75785
 SITO  23  1   1.30413  -0.67601
 SITO  24  1  -0.99045   1.03930
 SITO  25  1   0.30726   2.62232
 PLPC  26  1  -2.05464  -1.27482
 PLPC  27  1   2.54740  -0.77342
 PLPC  28  1  -0.96525  -1.76693
DLIPE  29  1   0.35004  -1.28947
DLIPE  30  1   1.44259   0.84870
DLIPE  31  1  -2.47241   2.04220
DLIPE  32  1  -1.83243  -2.70763
DLIPE  33  1   2.28682  -2.55239
DLIPE  34  1  -1.17004  -2.57407
DLIPE  35  1   2.51658   1.59499
DLIPE  36  1  -1.91913   0.20043
DLIPE  37  1  -0.17659  -2.81151
DLIPE  38  1   1.93998  -0.62017
DLIPE  39  1  -0.65162  -0.92394
DLIPE  40  1  -0.97933   0.06258
 PNPG  41  1  -1.52383   0.82780
 PNPG  42  1  -1.86691   0.83149
 PNPG  43  1   1.20709  -1.88666
 PNPG  44  1   1.96197   0.66482
 PNPG  45  1   2.20680   2.22500
 PNPG  46  1   2.14612  -0.07890
 PNPG  47  1  -2.56868  -1.72114
 PLPI  48  1   0.74988  -0.83663
 PLPI  49  1  -1.15599   1.42928
 PLPI  50  1   2.50766   0.96082
 PLPI  51  1   0.61780   1.09846
 PLPI  52  1   0.76538   2.21678
 PLPI  53  1   0.34831  -1.82469
 PLPI  54  1   0.04376   1.78595
 PLPI  55  1   0.45373  -2.44166
DLIPS  56  1  -0.87187   2.46317
DLIPS  57  1  -0.30128  -0.50386
DLIPS  58  1  -2.59161  -2.57562
DLIPS  59  1   1.52220  -0.87055
DLIPS  60  1  -0.23022  -2.33682
 SITO   1  2  -1.74448   6.81910
 SITO   2  2  -0.09135   5.42834
 SITO   3  2  -1.98959   8.04551
 SITO   4  2  -1.43602   2.47609
 SITO   5  2   0.75633   5.95075
 SITO   6  2   1.41776   5.32642
 SITO   7  2   0.75069   4.73321
 SITO   8  2  -2.40736   6.81083
 SITO   9  2   0.96736   5.32120
 SITO  10  2  -0.48690   7.29945
 SITO  11  2  -2.04353   6.45044
 SITO  12  2  -2.38325   7.22576
 SITO  13  2  -0.08948   6.66523
 SITO  14  2   0.21268   6.24351
 SITO  15  2   1.89104   5.89620
 SITO  16  2  -2.44392   5.59911
 SITO  17  2   1.95222   3.84124
 SITO  18  2   0.69824   6.50602
 SITO  19  2   1.28690   6.06469
 SITO  20  2  -0.39256   6.28565
 SITO  21  2  -2.87063   3.76643
 SITO  22  2   2.53869   8.19837
 SITO  23  2   1.30413   4.76452
 SITO  24  2  -0.99045   6.47982
 SITO  25  2   0.30726   8.06284
 PLPC  26  2  -2.05464   4.16570
 PLPC  27  2   2.54740   4.66710
 PLPC  28  2  -0.96525   3.67359
DLIPE  29  2   0.35004   4.15105
DLIPE  30  2   1.44259   6.28923
DLIPE  31  2  -2.47241   7.48272
DLIPE  32  2  -1.83243   2.73289
DLIPE  33  2   2.28682   2.88813
DLIPE  34  2  -1.17004   2.86645
DLIPE  35  2   2.51658   7.03551
DLIPE  36  2  -1.91913   5.64095
DLIPE  37  2  -0.17659   2.62901
DLIPE  38  2   1.93998   4.82035
DLIPE  39  2  -0.65162   4.51658
DLIPE  40  2  -0.97933   5.50310
 PNPG  41  2  -1.52383   6.26833
 PNPG  42  2  -1.86691   6.27202
 PNPG  43  2   1.20709   3.55386
 PNPG  44  2   1.96197   6.10534
 PNPG  45  2   2.20680   7.66552
 PNPG  46  2   2.14612   5.36162
 PNPG  47  2  -2.56868   3.71938
 PLPI  48  2   0.74988   4.60389
 PLPI  49  2  -1.15599   6.86980
 PLPI  50  2   2.50766   6.40134
 PLPI  51  2   0.61780   6.53898
 PLPI  52  2   0.76538   7.65730
 PLPI  53  2   0.34831   3.61584
 PLPI  54  2   0.04376   7.22647
 PLPI  55  2   0.45373   2.99887
DLIPS  56  2  -0.87187   7.90369
DLIPS  57  2  -0.30128   4.93667
DLIPS  58  2  -2.59161   2.86490
DLIPS  59  2   1.52220   4.56997
DLIPS  60  2  -0.23022   3.10370
 SITO   1  3  -1.74448  -4.06195
 SITO   2  3  -0.09135  -5.45271
 SITO   3  3  -1.98959  -2.83553
 SITO   4  3  -1.43602  -8.40495
 SITO   5  3   0.75633  -4.93029
 SITO   6  3   1.41776  -5.55462
 SITO   7  3   0.75069  -6.14783
 SITO   8  3  -2.40736  -4.07022
 SITO   9  3   0.96736  -5.55984
 SITO  10  3  -0.48690  -3.58159
 SITO  11  3  -2.04353  -4.43061
 SITO  12  3  -2.38325  -3.65529
 SITO  13  3  -0.08948  -4.21582
 SITO  14  3   0.21268  -4.63753
 SITO  15  3   1.89104  -4.98484
 SITO  16  3  -2.44392  -5.28194
 SITO  17  3   1.95222  -7.03980
 SITO  18  3   0.69824  -4.37503
 SITO  19  3   1.28690  -4.81636
 SITO  20  3  -0.39256  -4.59540
 SITO  21  3  -2.87063  -7.11462
 SITO  22  3   2.53869  -2.68268
 SITO  23  3   1.30413  -6.11653
 SITO  24  3  -0.99045  -4.40122
 SITO  25  3   0.30726  -2.81821
 PLPC  26  3  -2.05464  -6.71535
 PLPC  27  3   2.54740  -6.21394
 PLPC  28  3  -0.96525  -7.20746
DLIPE  29  3   0.35004  -6.72999
DLIPE  30  3   1.44259  -4.59182
DLIPE  31  3  -2.47241  -3.39832
DLIPE  32  3  -1.83243  -8.14815
DLIPE  33  3   2.28682  -7.99291
DLIPE  34  3  -1.17004  -8.01460
DLIPE  35  3   2.51658  -3.84554
DLIPE  36  3  -1.91913  -5.24010
DLIPE  37  3  -0.17659  -8.25204
DLIPE  38  3   1.93998  -6.06069
DLIPE  39  3  -0.65162  -6.36447
DLIPE  40  3  -0.97933  -5.37794
 PNPG  41  3  -1.52383  -4.61272
 PNPG  42  3  -1.86691  -4.60903
 PNPG  43  3   1.20709  -7.32718
 PNPG  44  3   1.96197  -4.77570
 PNPG  45  3   2.20680  -3.21552
 PNPG  46  3   2.14612  -5.51943
 PNPG  47  3  -2.56868  -7.16167
 PLPI  48  3   0.74988  -6.27716
 PLPI  49  3  -1.15599  -4.01124
 PLPI  50  3   2.50766  -4.47970
 PLPI  51  3   0.61780  -4.34206
 PLPI  52  3   0.76538  -3.22375
 PLPI  53  3   0.34831  -7.26521
 PLPI  54  3   0.04376  -3.65458
 PLPI  55  3   0.45373  -7.88218
DLIPS  56  3  -0.87187  -2.97735
DLIPS  57  3  -0.30128  -5.94438
DLIPS  58  3  -2.59161  -8.01615
DLIPS  59  3   1.52220  -6.31108
DLIPS  60  3  -0.23022  -7.77734
 SITO   1  4   3.69604   1.37857
 SITO   2  4   5.34917  -0.01218
 SITO   3  4   3.45093   2.60499
 SITO   4  4   4.00451  -2.96443
 SITO   5  4   6.19685   0.51023
 SITO   6  4   6.85828  -0.11410
 SITO   7  4   6.19121  -0.70731
 SITO   8  4   3.03317   1.37030
 SITO   9  4   6.40788  -0.11932
 SITO  10  4   4.95362   1.85893
 SITO  11  4   3.39699   1.00991
 SITO  12  4   3.05727   1.78523
 SITO  13  4   5.35104   1.22470
 SITO  14  4   5.65320   0.80299
 SITO  15  4   7.33156   0.45568
 SITO  16  4   2.99660   0.15858
 SITO  17  4   7.39275  -1.59928
 SITO  18  4   6.13876   1.06550
 SITO  19  4   6.72742   0.62417
 SITO  20  4   5.04796   0.84513
 SITO  21  4   2.56989  -1.67409
 SITO  22  4   7.97921   2.75785
 SITO  23  4   6.74465  -0.67601
 SITO  24  4   4.45008   1.03930
 SITO  25  4   5.74779   2.62232
 PLPC  26  4   3.38589  -1.27482
 PLPC  27  4   7.98793  -0.77342
 PLPC  28  4   4.47527  -1.76693
DLIPE  29  4   5.79056  -1.28947
DLIPE  30  4   6.88312   0.84870
DLIPE  31  4   2.96811   2.04220
DLIPE  32  4   3.60810  -2.70763
DLIPE  33  4   7.72734  -2.55239
DLIPE  34  4   4.27049  -2.57407
DLIPE  35  4   7.95711   1.59499
DLIPE  36  4   3.52139   0.20043
DLIPE  37  4   5.26394  -2.81151
DLIPE  38  4   7.38050  -0.62017
DLIPE  39  4   4.78890  -0.92394
DLIPE  40  4   4.46119   0.06258
 PNPG  41  4   3.91669   0.82780
 PNPG  42  4   3.57361   0.83149
 PNPG  43  4   6.64761  -1.88666
 PNPG  44  4   7.40250   0.66482
 PNPG  45  4   7.64732   2.22500
 PNPG  46  4   7.58664  -0.07890
 PNPG  47  4   2.87184  -1.72114
 PLPI  48  4   6.19040  -0.83663
 PLPI  49  4   4.28454   1.42928
 PLPI  50  4   7.94818   0.96082
 PLPI  51  4   6.05833   1.09846
 PLPI  52  4   6.20591   2.21678
 PLPI  53  4   5.78883  -1.82469
 PLPI  54  4   5.48429   1.78595
 PLPI  55  4   5.89425  -2.44166
DLIPS  56  4   4.56866   2.46317
DLIPS  57  4   5.13924  -0.50386
DLIPS  58  4   2.84891  -2.57562
DLIPS  59  4   6.96272  -0.87055
DLIPS  60  4   5.21030  -2.33682
 SITO   1  5   3.69604   6.81910
 SITO   2  5   5.34917   5.42834
 SITO   3  5   3.45093   8.04551
 SITO   4  5   4.00451   2.47609
 SITO   5  5   6.19685   5.95075
 SITO   6  5   6.85828   5.32642
 SITO   7  5   6.19121   4.73321
 SITO   8  5   3.03317   6.81083
 SITO   9  5   6.40788   5.32120
 SITO  10  5   4.95362   7.29945
 SITO  11  5   3.39699   6.45044
 SITO  12  5   3.05727   7.22576
 SITO  13  5   5.35104   6.66523
 SITO  14  5   5.65320   6.24351
 SITO  15  5   7.33156   5.89620
 SITO  16  5   2.99660   5.59911
 SITO  17  5   7.39275   3.84124
 SITO  18  5   6.13876   6.50602
 SITO  19  5   6.72742   6.06469
 SITO  20  5   5.04796   6.28565
 SITO  21  5   2.56989   3.76643
 SITO  22  5   7.97921   8.19837
 SITO  23  5   6.74465   4.76452
 SITO  24  5   4.45008   6.47982
 SITO  25  5   5.74779   8.06284
 PLPC  26  5   3.38589   4.16570
 PLPC  27  5   7.98793   4.66710
 PLPC  28  5   4.47527   3.67359
DLIPE  29  5   5.79056   4.15105
DLIPE  30  5   6.88312   6.28923
DLIPE  31  5   2.96811   7.48272
DLIPE  32  5   3.60810   2.73289
DLIPE  33  5   7.72734   2.88813
DLIPE  34  5   4.27049   2.86645
DLIPE  35  5   7.95711   7.03551
DLIPE  36  5   3.52139   5.64095
DLIPE  37  5   5.26394   2.62901
DLIPE  38  5   7.38050   4.82035
DLIPE  39  5   4.78890   4.51658
DLIPE  40  5   4.46119   5.50310
 PNPG  41  5   3.91669   6.26833
 PNPG  42  5   3.57361   6.27202
 PNPG  43  5   6.64761   3.55386
 PNPG  44  5   7.40250   6.10534
 PNPG  45  5   7.64732   7.66552
 PNPG  46  5   7.58664   5.36162
 PNPG  47  5   2.87184   3.71938
 PLPI  48  5   6.19040   4.60389
 PLPI  49  5   4.28454   6.86980
 PLPI  50  5   7.94818   6.40134
 PLPI  51  5   6.05833   6.53898
 PLPI  52  5   6.20591   7.65730
 PLPI  53  5   5.78883   3.61584
 PLPI  54  5   5.48429   7.22647
 PLPI  55  5   5.89425   2.99887
DLIPS  56  5   4.56866   7.90369
DLIPS  57  5   5.13924   4.93667
DLIPS  58  5   2.84891   2.86490
DLIPS  59  5   6.96272   4.56997
DLIPS  60  5   5.21030   3.10370
 SITO   1  6   3.69604  -4.06195
 SITO   2  6   5.34917  -5.45271
 SITO   3  6   3.45093  -2.83553
 SITO   4  6   4.00451  -8.40495
 SITO   5  6   6.19685  -4.93029
 SITO   6  6   6.85828  -5.55462
 SITO   7  6   6.19121  -6.14783
 SITO   8  6   3.03317  -4.07022
 SITO   9  6   6.40788  -5.55984
 SITO  10  6   4.95362  -3.58159
 SITO  11  6   3.39699  -4.43061
 SITO  12  6   3.05727  -3.65529
 SITO  13  6   5.35104  -4.21582
 SITO  14  6   5.65320  -4.63753
 SITO  15  6   7.33156  -4.98484
 SITO  16  6   2.99660  -5.28194
 SITO  17  6   7.39275  -7.03980
 SITO  18  6   6.13876  -4.37503
 SITO  19  6   6.72742  -4.81636
 SITO  20  6   5.04796  -4.59540
 SITO  21  6   2.56989  -7.11462
 SITO  22  6   7.97921  -2.68268
 SITO  23  6   6.74465  -6.11653
 SITO  24  6   4.45008  -4.40122
 SITO  25  6   5.74779  -2.81821
 PLPC  26  6   3.38589  -6.71535
 PLPC  27  6   7.98793  -6.21394
 PLPC  28  6   4.47527  -7.20746
DLIPE  29  6   5.79056  -6.72999
DLIPE  30  6   6.88312  -4.59182
DLIPE  31  6   2.96811  -3.39832
DLIPE  32  6   3.60810  -8.14815
DLIPE  33  6   7.72734  -7.99291
DLIPE  34  6   4.27049  -8.01460
DLIPE  35  6   7.95711  -3.84554
DLIPE  36  6   3.52139  -5.24010
DLIPE  37  6   5.26394  -8.25204
DLIPE  38  6   7.38050  -6.06069
DLIPE  39  6   4.78890  -6.36447
DLIPE  40  6   4.46119  -5.37794
 PNPG  41  6   3.91669  -4.61272
 PNPG  42  6   3.57361  -4.60903
 PNPG  43  6   6.64761  -7.32718
 PNPG  44  6   7.40250  -4.77570
 PNPG  45  6   7.64732  -3.21552
 PNPG  46  6   7.58664  -5.51943
 PNPG  47  6   2.87184  -7.16167
 PLPI  48  6   6.19040  -6.27716
 PLPI  49  6   4.28454  -4.01124
 PLPI  50  6   7.94818  -4.47970
 PLPI  51  6   6.05833  -4.34206
 PLPI  52  6   6.20591  -3.22375
 PLPI  53  6   5.78883  -7.26521
 PLPI  54  6   5.48429  -3.65458
 PLPI  55  6   5.89425  -7.88218
DLIPS  56  6   4.56866  -2.97735
DLIPS  57  6   5.13924  -5.94438
DLIPS  58  6   2.84891  -8.01615
DLIPS  59  6   6.96272  -6.31108
DLIPS  60  6   5.21030  -7.77734
 SITO   1  7  -7.18500   1.37857
 SITO   2  7  -5.53188  -0.01218
 SITO   3  7  -7.43011   2.60499
 SITO   4  7  -6.87654  -2.96443
 SITO   5  7  -4.68419   0.51023
 SITO   6  7  -4.02277  -0.11410
 SITO   7  7  -4.68983  -0.70731
 SITO   8  7  -7.84788   1.37030
 SITO   9  7  -4.47316  -0.11932
 SITO  10  7  -5.92742   1.85893
 SITO  11  7  -7.48406   1.00991
 SITO  12  7  -7.82377   1.78523
 SITO  13  7  -5.53001   1.22470
 SITO  14  7  -5.22785   0.80299
 SITO  15  7  -3.54949   0.45568
 SITO  16  7  -7.88445   0.15858
 SITO  17  7  -3.48830  -1.59928
 SITO  18  7  -4.74228   1.06550
 SITO  19  7  -4.15363   0.62417
 SITO  20  7  -5.83308   0.84513
 SITO  21  7  -8.31116  -1.67409
 SITO  22  7  -2.90183   2.75785
 SITO  23  7  -4.13639  -0.67601
 SITO  24  7  -6.43097   1.03930
 SITO  25  7  -5.13326   2.62232
 PLPC  26  7  -7.49516  -1.27482
 PLPC  27  7  -2.89312  -0.77342
 PLPC  28  7  -6.40577  -1.76693
DLIPE  29  7  -5.09049  -1.28947
DLIPE  30  7  -3.99793   0.84870
DLIPE  31  7  -7.91293   2.04220
DLIPE  32  7  -7.27295  -2.70763
DLIPE  33  7  -3.15371  -2.55239
DLIPE  34  7  -6.61056  -2.57407
DLIPE  35  7  -2.92394   1.59499
DLIPE  36  7  -7.35965   0.20043
DLIPE  37  7  -5.61711  -2.81151
DLIPE  38  7  -3.50054  -0.62017
DLIPE  39  7  -6.09214  -0.92394
DLIPE  40  7  -6.41985   0.06258
 PNPG  41  7  -6.96436   0.82780
 PNPG  42  7  -7.30743   0.83149
 PNPG  43  7  -4.23343  -1.88666
 PNPG  44  7  -3.47855   0.66482
 PNPG  45  7  -3.23372   2.22500
 PNPG  46  7  -3.29440  -0.07890
 PNPG  47  7  -8.00920  -1.72114
 PLPI  48  7  -4.69065  -0.83663
 PLPI  49  7  -6.59651   1.42928
 PLPI  50  7  -2.93287   0.96082
 PLPI  51  7  -4.82272   1.09846
 PLPI  52  7  -4.67514   2.21678
 PLPI  53  7  -5.09221  -1.82469
 PLPI  54  7  -5.39676   1.78595
 PLPI  55  7  -4.98679  -2.44166
DLIPS  56  7  -6.31239   2.46317
DLIPS  57  7  -5.74180  -0.50386
DLIPS  58  7  -8.03213  -2.57562
DLIPS  59  7  -3.91832  -0.87055
DLIPS  60  7  -5.67074  -2.33682
 SITO   1  8  -7.18500   6.81910
 SITO   2  8  -5.53188   5.42834
 SITO   3  8  -7.43011   8.04551
 SITO   4  8  -6.87654   2.47609
 SITO   5  8  -4.68419   5.95075
 SITO   6  8  -4.02277   5.32642
 SITO   7  8  -4.68983   4.73321
 SITO   8  8  -7.84788   6.81083
 SITO   9  8  -4.47316   5.32120
 SITO  10  8  -5.92742   7.29945
 SITO  11  8  -7.48406   6.45044
 SITO  12  8  -7.82377   7.22576
 SITO  13  8  -5.53001   6.66523
 SITO  14  8  -5.22785   6.24351
 SITO  15  8  -3.54949   5.89620
 SITO  16  8  -7.88445   5.59911
 SITO  17  8  -3.48830   3.84124
 SITO  18  8  -4.74228   6.50602
 SITO  19  8  -4.15363   6.06469
 SITO  20  8  -5.83308   6.28565
 SITO  21  8  -8.31116   3.76643
 SITO  22  8  -2.90183   8.19837
 SITO  23  8  -4.13639   4.76452
 SITO  24  8  -6.43097   6.47982
 SITO  25  8  -5.13326   8.06284
 PLPC  26  8  -7.49516   4.16570
 PLPC  27  8  -2.89312   4.66710
 PLPC  28  8  -6.40577   3.67359
DLIPE  29  8  -5.09049   4.15105
DLIPE  30  8  -3.99793   6.28923
DLIPE  31  8  -7.91293   7.48272
DLIPE  32  8  -7.27295   2.73289
DLIPE  33  8  -3.15371   2.88813
DLIPE  34  8  -6.61056   2.86645
DLIPE  35  8  -2.92394   7.03551
DLIPE  36  8  -7.35965   5.64095
DLIPE  37  8  -5.61711   2.62901
DLIPE  38  8  -3.50054   4.82035
DLIPE  39  8  -6.09214   4.51658
DLIPE  40  8  -6.41985   5.50310
 PNPG  41  8  -6.96436   6.26833
 PNPG  42  8  -7.30743   6.27202
 PNPG  43  8  -4.23343   3.55386
 PNPG  44  8  -3.47855   6.10534
 PNPG  45  8  -3.23372   7.66552
 PNPG  46  8  -3.29440   5.36162
 PNPG  47  8  -8.00920   3.71938
 PLPI  48  8  -4.69065   4.60389
 PLPI  49  8  -6.59651   6.86980
 PLPI  50  8  -2.93287   6.40134
 PLPI  51  8  -4.82272   6.53898
 PLPI  52  8  -4.67514   7.65730
 PLPI  53  8  -5.09221   3.61584
 PLPI  54  8  -5.39676   7.22647
 PLPI  55  8  -4.98679   2.99887
DLIPS  56  8  -6.31239   7.90369
DLIPS  57  8  -5.74180   4.93667
DLIPS  58  8  -8.03213   2.86490
DLIPS  59  8  -3.91832   4.56997
DLIPS  60  8  -5.67074   3.10370
 SITO   1  9  -7.18500  -4.06195
 SITO   2  9  -5.53188  -5.45271
 SITO   3  9  -7.43011  -2.83553
 SITO   4  9  -6.87654  -8.40495
 SITO   5  9  -4.68419  -4.93029
 SITO   6  9  -4.02277  -5.55462
 SITO   7  9  -4.68983  -6.14783
 SITO   8  9  -7.84788  -4.07022
 SITO   9  9  -4.47316  -5.55984
 SITO  10  9  -5.92742  -3.58159
 SITO  11  9  -7.48406  -4.43061
 SITO  12  9  -7.82377  -3.65529
 SITO  13  9  -5.53001  -4.21582
 SITO  14  9  -5.22785  -4.63753
 SITO  15  9  -3.54949  -4.98484
 SITO  16  9  -7.88445  -5.28194
 SITO  17  9  -3.48830  -7.03980
 SITO  18  9  -4.74228  -4.37503
 SITO  19  9  -4.15363  -4.81636
 SITO  20  9  -5.83308  -4.59540
 SITO  21  9  -8.31116  -7.11462
 SITO  22  9  -2.90183  -2.68268
 SITO  23  9  -4.13639  -6.11653
 SITO  24  9  -6.43097  -4.40122
 SITO  25  9  -5.13326  -2.81821
 PLPC  26  9  -7.49516  -6.71535
 PLPC  27  9  -2.89312  -6.21394
 PLPC  28  9  -6.40577  -7.20746
DLIPE  29  9  -5.09049  -6.72999
DLIPE  30  9  -3.99793  -4.59182
DLIPE  31  9  -7.91293  -3.39832
DLIPE  32  9  -7.27295  -8.14815
DLIPE  33  9  -3.15371  -7.99291
DLIPE  34  9  -6.61056  -8.01460
DLIPE  35  9  -2.92394  -3.84554
DLIPE  36  9  -7.35965  -5.24010
DLIPE  37  9  -5.61711  -8.25204
DLIPE  38  9  -3.50054  -6.06069
DLIPE  39  9  -6.09214  -6.36447
DLIPE  40  9  -6.41985  -5.37794
 PNPG  41  9  -6.96436  -4.61272
 PNPG  42  9  -7.30743  -4.60903
 PNPG  43  9  -4.23343  -7.32718
 PNPG  44  9  -3.47855  -4.77570
 PNPG  45  9  -3.23372  -3.21552
 PNPG  46  9  -3.29440  -5.51943
 PNPG  47  9  -8.00920  -7.16167
 PLPI  48  9  -4.69065  -6.27716
 PLPI  49  9  -6.59651  -4.01124
 PLPI  50  9  -2.93287  -4.47970
 PLPI  51  9  -4.82272  -4.34206
 PLPI  52  9  -4.67514  -3.22375
 PLPI  53  9  -5.09221  -7.26521
 PLPI  54  9  -5.39676  -3.65458
 PLPI  55  9  -4.98679  -7.88218
DLIPS  56  9  -6.31239  -2.97735
DLIPS  57  9  -5.74180  -5.94438
DLIPS  58  9  -8.03213  -8.01615
DLIPS  59  9  -3.91832  -6.31108
DLIPS  60  9  -5.67074  -7.77734
