5.4405227	5.4405227
 SITO   1  1   2.11884  -2.20337
 SITO   2  1  -2.44594   1.30672
 SITO   3  1  -1.27206  -2.20687
 SITO   4  1   0.82785  -1.51079
 SITO   5  1  -1.44661  -0.26170
 SITO   6  1  -0.46080  -1.67717
 SITO   7  1   0.97784  -2.13930
 SITO   8  1  -1.71178   1.39527
 SITO   9  1   2.46220  -1.82485
 SITO  10  1   1.88018   2.53253
 SITO  11  1   1.42352  -1.94983
 SITO  12  1  -1.40843  -1.12969
 SITO  13  1  -1.58603   0.18860
 SITO  14  1   2.56731  -2.85882
 SITO  15  1  -0.84632  -1.30011
 SITO  16  1   1.20350  -0.42929
 SITO  17  1   2.30629  -0.53071
 SITO  18  1  -1.95408  -1.46367
 SITO  19  1  -1.52516   0.67797
 SITO  20  1   0.43669  -1.05088
 SITO  21  1  -0.25767  -1.30273
 SITO  22  1   2.34361   0.67009
 SITO  23  1  -0.98167   0.41392
 SITO  24  1  -0.00822  -0.69363
 SITO  25  1  -0.11404  -0.25354
 PLPC  26  1   2.63493   2.11916
 PLPC  27  1  -1.54431  -0.50031
 PLPC  28  1  -1.42731  -1.55173
DLIPE  29  1   0.99395  -1.93446
DLIPE  30  1  -0.92421  -2.49019
DLIPE  31  1  -2.57396  -0.09303
DLIPE  32  1   2.46712  -1.37490
DLIPE  33  1   1.15459   1.67824
DLIPE  34  1  -2.32368   1.74184
DLIPE  35  1  -1.83348  -2.21789
DLIPE  36  1   0.45664  -0.31735
DLIPE  37  1  -2.27966  -2.37195
DLIPE  38  1   1.44197   0.68614
DLIPE  39  1   0.60444   2.46263
DLIPE  40  1   1.76466   1.32560
 PNPG  41  1  -2.29892   0.94048
 PNPG  42  1  -1.64304   2.39341
 PNPG  43  1   2.56484  -1.93404
 PNPG  44  1  -2.36778   0.18948
 PNPG  45  1   1.08533   0.83530
 PNPG  46  1  -0.76584  -0.71637
 PNPG  47  1   0.11549   1.43032
 PLPI  48  1   0.15122  -2.45720
 PLPI  49  1  -1.58110  -1.03357
 PLPI  50  1   0.33787   0.65400
 PLPI  51  1   1.64080  -0.24322
 PLPI  52  1   0.37440  -1.49275
 PLPI  53  1   1.44441  -1.27982
 PLPI  54  1   1.72811   1.98676
 PLPI  55  1  -1.12781   0.10349
DLIPS  56  1  -0.60909   1.52910
DLIPS  57  1   1.23632   2.98035
DLIPS  58  1   0.44398  -0.94940
DLIPS  59  1  -1.37390   1.17257
DLIPS  60  1   2.17509   1.27878
 SITO   1  2   2.11884   3.23716
 SITO   2  2  -2.44594   6.74724
 SITO   3  2  -1.27206   3.23365
 SITO   4  2   0.82785   3.92973
 SITO   5  2  -1.44661   5.17882
 SITO   6  2  -0.46080   3.76335
 SITO   7  2   0.97784   3.30122
 SITO   8  2  -1.71178   6.83579
 SITO   9  2   2.46220   3.61567
 SITO  10  2   1.88018   7.97305
 SITO  11  2   1.42352   3.49069
 SITO  12  2  -1.40843   4.31083
 SITO  13  2  -1.58603   5.62912
 SITO  14  2   2.56731   2.58170
 SITO  15  2  -0.84632   4.14041
 SITO  16  2   1.20350   5.01123
 SITO  17  2   2.30629   4.90982
 SITO  18  2  -1.95408   3.97685
 SITO  19  2  -1.52516   6.11850
 SITO  20  2   0.43669   4.38964
 SITO  21  2  -0.25767   4.13779
 SITO  22  2   2.34361   6.11062
 SITO  23  2  -0.98167   5.85445
 SITO  24  2  -0.00822   4.74689
 SITO  25  2  -0.11404   5.18698
 PLPC  26  2   2.63493   7.55968
 PLPC  27  2  -1.54431   4.94021
 PLPC  28  2  -1.42731   3.88879
DLIPE  29  2   0.99395   3.50607
DLIPE  30  2  -0.92421   2.95033
DLIPE  31  2  -2.57396   5.34749
DLIPE  32  2   2.46712   4.06562
DLIPE  33  2   1.15459   7.11876
DLIPE  34  2  -2.32368   7.18236
DLIPE  35  2  -1.83348   3.22263
DLIPE  36  2   0.45664   5.12317
DLIPE  37  2  -2.27966   3.06857
DLIPE  38  2   1.44197   6.12666
DLIPE  39  2   0.60444   7.90315
DLIPE  40  2   1.76466   6.76612
 PNPG  41  2  -2.29892   6.38100
 PNPG  42  2  -1.64304   7.83394
 PNPG  43  2   2.56484   3.50649
 PNPG  44  2  -2.36778   5.63000
 PNPG  45  2   1.08533   6.27583
 PNPG  46  2  -0.76584   4.72416
 PNPG  47  2   0.11549   6.87084
 PLPI  48  2   0.15122   2.98332
 PLPI  49  2  -1.58110   4.40695
 PLPI  50  2   0.33787   6.09453
 PLPI  51  2   1.64080   5.19731
 PLPI  52  2   0.37440   3.94777
 PLPI  53  2   1.44441   4.16070
 PLPI  54  2   1.72811   7.42728
 PLPI  55  2  -1.12781   5.54401
DLIPS  56  2  -0.60909   6.96962
DLIPS  57  2   1.23632   8.42087
DLIPS  58  2   0.44398   4.49112
DLIPS  59  2  -1.37390   6.61309
DLIPS  60  2   2.17509   6.71931
 SITO   1  3   2.11884  -7.64389
 SITO   2  3  -2.44594  -4.13381
 SITO   3  3  -1.27206  -7.64739
 SITO   4  3   0.82785  -6.95131
 SITO   5  3  -1.44661  -5.70222
 SITO   6  3  -0.46080  -7.11770
 SITO   7  3   0.97784  -7.57983
 SITO   8  3  -1.71178  -4.04525
 SITO   9  3   2.46220  -7.26538
 SITO  10  3   1.88018  -2.90800
 SITO  11  3   1.42352  -7.39035
 SITO  12  3  -1.40843  -6.57022
 SITO  13  3  -1.58603  -5.25193
 SITO  14  3   2.56731  -8.29934
 SITO  15  3  -0.84632  -6.74063
 SITO  16  3   1.20350  -5.86981
 SITO  17  3   2.30629  -5.97123
 SITO  18  3  -1.95408  -6.90419
 SITO  19  3  -1.52516  -4.76255
 SITO  20  3   0.43669  -6.49140
 SITO  21  3  -0.25767  -6.74325
 SITO  22  3   2.34361  -4.77043
 SITO  23  3  -0.98167  -5.02660
 SITO  24  3  -0.00822  -6.13415
 SITO  25  3  -0.11404  -5.69406
 PLPC  26  3   2.63493  -3.32136
 PLPC  27  3  -1.54431  -5.94083
 PLPC  28  3  -1.42731  -6.99225
DLIPE  29  3   0.99395  -7.37498
DLIPE  30  3  -0.92421  -7.93071
DLIPE  31  3  -2.57396  -5.53355
DLIPE  32  3   2.46712  -6.81543
DLIPE  33  3   1.15459  -3.76228
DLIPE  34  3  -2.32368  -3.69868
DLIPE  35  3  -1.83348  -7.65841
DLIPE  36  3   0.45664  -5.75788
DLIPE  37  3  -2.27966  -7.81248
DLIPE  38  3   1.44197  -4.75438
DLIPE  39  3   0.60444  -2.97790
DLIPE  40  3   1.76466  -4.11492
 PNPG  41  3  -2.29892  -4.50004
 PNPG  42  3  -1.64304  -3.04711
 PNPG  43  3   2.56484  -7.37456
 PNPG  44  3  -2.36778  -5.25104
 PNPG  45  3   1.08533  -4.60522
 PNPG  46  3  -0.76584  -6.15689
 PNPG  47  3   0.11549  -4.01020
 PLPI  48  3   0.15122  -7.89773
 PLPI  49  3  -1.58110  -6.47409
 PLPI  50  3   0.33787  -4.78652
 PLPI  51  3   1.64080  -5.68374
 PLPI  52  3   0.37440  -6.93327
 PLPI  53  3   1.44441  -6.72034
 PLPI  54  3   1.72811  -3.45377
 PLPI  55  3  -1.12781  -5.33703
DLIPS  56  3  -0.60909  -3.91142
DLIPS  57  3   1.23632  -2.46017
DLIPS  58  3   0.44398  -6.38993
DLIPS  59  3  -1.37390  -4.26796
DLIPS  60  3   2.17509  -4.16174
 SITO   1  4   7.55936  -2.20337
 SITO   2  4   2.99458   1.30672
 SITO   3  4   4.16847  -2.20687
 SITO   4  4   6.26838  -1.51079
 SITO   5  4   3.99391  -0.26170
 SITO   6  4   4.97972  -1.67717
 SITO   7  4   6.41837  -2.13930
 SITO   8  4   3.72874   1.39527
 SITO   9  4   7.90272  -1.82485
 SITO  10  4   7.32070   2.53253
 SITO  11  4   6.86404  -1.94983
 SITO  12  4   4.03209  -1.12969
 SITO  13  4   3.85449   0.18860
 SITO  14  4   8.00783  -2.85882
 SITO  15  4   4.59420  -1.30011
 SITO  16  4   6.64402  -0.42929
 SITO  17  4   7.74681  -0.53071
 SITO  18  4   3.48644  -1.46367
 SITO  19  4   3.91536   0.67797
 SITO  20  4   5.87721  -1.05088
 SITO  21  4   5.18286  -1.30273
 SITO  22  4   7.78413   0.67009
 SITO  23  4   4.45886   0.41392
 SITO  24  4   5.43230  -0.69363
 SITO  25  4   5.32648  -0.25354
 PLPC  26  4   8.07545   2.11916
 PLPC  27  4   3.89621  -0.50031
 PLPC  28  4   4.01321  -1.55173
DLIPE  29  4   6.43448  -1.93446
DLIPE  30  4   4.51631  -2.49019
DLIPE  31  4   2.86656  -0.09303
DLIPE  32  4   7.90764  -1.37490
DLIPE  33  4   6.59511   1.67824
DLIPE  34  4   3.11684   1.74184
DLIPE  35  4   3.60704  -2.21789
DLIPE  36  4   5.89716  -0.31735
DLIPE  37  4   3.16086  -2.37195
DLIPE  38  4   6.88249   0.68614
DLIPE  39  4   6.04496   2.46263
DLIPE  40  4   7.20518   1.32560
 PNPG  41  4   3.14160   0.94048
 PNPG  42  4   3.79748   2.39341
 PNPG  43  4   8.00536  -1.93404
 PNPG  44  4   3.07274   0.18948
 PNPG  45  4   6.52585   0.83530
 PNPG  46  4   4.67468  -0.71637
 PNPG  47  4   5.55602   1.43032
 PLPI  48  4   5.59175  -2.45720
 PLPI  49  4   3.85942  -1.03357
 PLPI  50  4   5.77839   0.65400
 PLPI  51  4   7.08132  -0.24322
 PLPI  52  4   5.81492  -1.49275
 PLPI  53  4   6.88494  -1.27982
 PLPI  54  4   7.16864   1.98676
 PLPI  55  4   4.31272   0.10349
DLIPS  56  4   4.83144   1.52910
DLIPS  57  4   6.67684   2.98035
DLIPS  58  4   5.88450  -0.94940
DLIPS  59  4   4.06662   1.17257
DLIPS  60  4   7.61561   1.27878
 SITO   1  5   7.55936   3.23716
 SITO   2  5   2.99458   6.74724
 SITO   3  5   4.16847   3.23365
 SITO   4  5   6.26838   3.92973
 SITO   5  5   3.99391   5.17882
 SITO   6  5   4.97972   3.76335
 SITO   7  5   6.41837   3.30122
 SITO   8  5   3.72874   6.83579
 SITO   9  5   7.90272   3.61567
 SITO  10  5   7.32070   7.97305
 SITO  11  5   6.86404   3.49069
 SITO  12  5   4.03209   4.31083
 SITO  13  5   3.85449   5.62912
 SITO  14  5   8.00783   2.58170
 SITO  15  5   4.59420   4.14041
 SITO  16  5   6.64402   5.01123
 SITO  17  5   7.74681   4.90982
 SITO  18  5   3.48644   3.97685
 SITO  19  5   3.91536   6.11850
 SITO  20  5   5.87721   4.38964
 SITO  21  5   5.18286   4.13779
 SITO  22  5   7.78413   6.11062
 SITO  23  5   4.45886   5.85445
 SITO  24  5   5.43230   4.74689
 SITO  25  5   5.32648   5.18698
 PLPC  26  5   8.07545   7.55968
 PLPC  27  5   3.89621   4.94021
 PLPC  28  5   4.01321   3.88879
DLIPE  29  5   6.43448   3.50607
DLIPE  30  5   4.51631   2.95033
DLIPE  31  5   2.86656   5.34749
DLIPE  32  5   7.90764   4.06562
DLIPE  33  5   6.59511   7.11876
DLIPE  34  5   3.11684   7.18236
DLIPE  35  5   3.60704   3.22263
DLIPE  36  5   5.89716   5.12317
DLIPE  37  5   3.16086   3.06857
DLIPE  38  5   6.88249   6.12666
DLIPE  39  5   6.04496   7.90315
DLIPE  40  5   7.20518   6.76612
 PNPG  41  5   3.14160   6.38100
 PNPG  42  5   3.79748   7.83394
 PNPG  43  5   8.00536   3.50649
 PNPG  44  5   3.07274   5.63000
 PNPG  45  5   6.52585   6.27583
 PNPG  46  5   4.67468   4.72416
 PNPG  47  5   5.55602   6.87084
 PLPI  48  5   5.59175   2.98332
 PLPI  49  5   3.85942   4.40695
 PLPI  50  5   5.77839   6.09453
 PLPI  51  5   7.08132   5.19731
 PLPI  52  5   5.81492   3.94777
 PLPI  53  5   6.88494   4.16070
 PLPI  54  5   7.16864   7.42728
 PLPI  55  5   4.31272   5.54401
DLIPS  56  5   4.83144   6.96962
DLIPS  57  5   6.67684   8.42087
DLIPS  58  5   5.88450   4.49112
DLIPS  59  5   4.06662   6.61309
DLIPS  60  5   7.61561   6.71931
 SITO   1  6   7.55936  -7.64389
 SITO   2  6   2.99458  -4.13381
 SITO   3  6   4.16847  -7.64739
 SITO   4  6   6.26838  -6.95131
 SITO   5  6   3.99391  -5.70222
 SITO   6  6   4.97972  -7.11770
 SITO   7  6   6.41837  -7.57983
 SITO   8  6   3.72874  -4.04525
 SITO   9  6   7.90272  -7.26538
 SITO  10  6   7.32070  -2.90800
 SITO  11  6   6.86404  -7.39035
 SITO  12  6   4.03209  -6.57022
 SITO  13  6   3.85449  -5.25193
 SITO  14  6   8.00783  -8.29934
 SITO  15  6   4.59420  -6.74063
 SITO  16  6   6.64402  -5.86981
 SITO  17  6   7.74681  -5.97123
 SITO  18  6   3.48644  -6.90419
 SITO  19  6   3.91536  -4.76255
 SITO  20  6   5.87721  -6.49140
 SITO  21  6   5.18286  -6.74325
 SITO  22  6   7.78413  -4.77043
 SITO  23  6   4.45886  -5.02660
 SITO  24  6   5.43230  -6.13415
 SITO  25  6   5.32648  -5.69406
 PLPC  26  6   8.07545  -3.32136
 PLPC  27  6   3.89621  -5.94083
 PLPC  28  6   4.01321  -6.99225
DLIPE  29  6   6.43448  -7.37498
DLIPE  30  6   4.51631  -7.93071
DLIPE  31  6   2.86656  -5.53355
DLIPE  32  6   7.90764  -6.81543
DLIPE  33  6   6.59511  -3.76228
DLIPE  34  6   3.11684  -3.69868
DLIPE  35  6   3.60704  -7.65841
DLIPE  36  6   5.89716  -5.75788
DLIPE  37  6   3.16086  -7.81248
DLIPE  38  6   6.88249  -4.75438
DLIPE  39  6   6.04496  -2.97790
DLIPE  40  6   7.20518  -4.11492
 PNPG  41  6   3.14160  -4.50004
 PNPG  42  6   3.79748  -3.04711
 PNPG  43  6   8.00536  -7.37456
 PNPG  44  6   3.07274  -5.25104
 PNPG  45  6   6.52585  -4.60522
 PNPG  46  6   4.67468  -6.15689
 PNPG  47  6   5.55602  -4.01020
 PLPI  48  6   5.59175  -7.89773
 PLPI  49  6   3.85942  -6.47409
 PLPI  50  6   5.77839  -4.78652
 PLPI  51  6   7.08132  -5.68374
 PLPI  52  6   5.81492  -6.93327
 PLPI  53  6   6.88494  -6.72034
 PLPI  54  6   7.16864  -3.45377
 PLPI  55  6   4.31272  -5.33703
DLIPS  56  6   4.83144  -3.91142
DLIPS  57  6   6.67684  -2.46017
DLIPS  58  6   5.88450  -6.38993
DLIPS  59  6   4.06662  -4.26796
DLIPS  60  6   7.61561  -4.16174
 SITO   1  7  -3.32168  -2.20337
 SITO   2  7  -7.88647   1.30672
 SITO   3  7  -6.71258  -2.20687
 SITO   4  7  -4.61267  -1.51079
 SITO   5  7  -6.88713  -0.26170
 SITO   6  7  -5.90133  -1.67717
 SITO   7  7  -4.46268  -2.13930
 SITO   8  7  -7.15230   1.39527
 SITO   9  7  -2.97833  -1.82485
 SITO  10  7  -3.56034   2.53253
 SITO  11  7  -4.01701  -1.94983
 SITO  12  7  -6.84895  -1.12969
 SITO  13  7  -7.02655   0.18860
 SITO  14  7  -2.87321  -2.85882
 SITO  15  7  -6.28684  -1.30011
 SITO  16  7  -4.23703  -0.42929
 SITO  17  7  -3.13423  -0.53071
 SITO  18  7  -7.39461  -1.46367
 SITO  19  7  -6.96568   0.67797
 SITO  20  7  -5.00384  -1.05088
 SITO  21  7  -5.69819  -1.30273
 SITO  22  7  -3.09692   0.67009
 SITO  23  7  -6.42219   0.41392
 SITO  24  7  -5.44874  -0.69363
 SITO  25  7  -5.55457  -0.25354
 PLPC  26  7  -2.80559   2.11916
 PLPC  27  7  -6.98483  -0.50031
 PLPC  28  7  -6.86784  -1.55173
DLIPE  29  7  -4.44657  -1.93446
DLIPE  30  7  -6.36473  -2.49019
DLIPE  31  7  -8.01448  -0.09303
DLIPE  32  7  -2.97340  -1.37490
DLIPE  33  7  -4.28593   1.67824
DLIPE  34  7  -7.76420   1.74184
DLIPE  35  7  -7.27401  -2.21789
DLIPE  36  7  -4.98388  -0.31735
DLIPE  37  7  -7.72018  -2.37195
DLIPE  38  7  -3.99856   0.68614
DLIPE  39  7  -4.83608   2.46263
DLIPE  40  7  -3.67587   1.32560
 PNPG  41  7  -7.73944   0.94048
 PNPG  42  7  -7.08356   2.39341
 PNPG  43  7  -2.87568  -1.93404
 PNPG  44  7  -7.80831   0.18948
 PNPG  45  7  -4.35519   0.83530
 PNPG  46  7  -6.20636  -0.71637
 PNPG  47  7  -5.32503   1.43032
 PLPI  48  7  -5.28930  -2.45720
 PLPI  49  7  -7.02162  -1.03357
 PLPI  50  7  -5.10265   0.65400
 PLPI  51  7  -3.79973  -0.24322
 PLPI  52  7  -5.06613  -1.49275
 PLPI  53  7  -3.99611  -1.27982
 PLPI  54  7  -3.71241   1.98676
 PLPI  55  7  -6.56833   0.10349
DLIPS  56  7  -6.04961   1.52910
DLIPS  57  7  -4.20420   2.98035
DLIPS  58  7  -4.99655  -0.94940
DLIPS  59  7  -6.81443   1.17257
DLIPS  60  7  -3.26544   1.27878
 SITO   1  8  -3.32168   3.23716
 SITO   2  8  -7.88647   6.74724
 SITO   3  8  -6.71258   3.23365
 SITO   4  8  -4.61267   3.92973
 SITO   5  8  -6.88713   5.17882
 SITO   6  8  -5.90133   3.76335
 SITO   7  8  -4.46268   3.30122
 SITO   8  8  -7.15230   6.83579
 SITO   9  8  -2.97833   3.61567
 SITO  10  8  -3.56034   7.97305
 SITO  11  8  -4.01701   3.49069
 SITO  12  8  -6.84895   4.31083
 SITO  13  8  -7.02655   5.62912
 SITO  14  8  -2.87321   2.58170
 SITO  15  8  -6.28684   4.14041
 SITO  16  8  -4.23703   5.01123
 SITO  17  8  -3.13423   4.90982
 SITO  18  8  -7.39461   3.97685
 SITO  19  8  -6.96568   6.11850
 SITO  20  8  -5.00384   4.38964
 SITO  21  8  -5.69819   4.13779
 SITO  22  8  -3.09692   6.11062
 SITO  23  8  -6.42219   5.85445
 SITO  24  8  -5.44874   4.74689
 SITO  25  8  -5.55457   5.18698
 PLPC  26  8  -2.80559   7.55968
 PLPC  27  8  -6.98483   4.94021
 PLPC  28  8  -6.86784   3.88879
DLIPE  29  8  -4.44657   3.50607
DLIPE  30  8  -6.36473   2.95033
DLIPE  31  8  -8.01448   5.34749
DLIPE  32  8  -2.97340   4.06562
DLIPE  33  8  -4.28593   7.11876
DLIPE  34  8  -7.76420   7.18236
DLIPE  35  8  -7.27401   3.22263
DLIPE  36  8  -4.98388   5.12317
DLIPE  37  8  -7.72018   3.06857
DLIPE  38  8  -3.99856   6.12666
DLIPE  39  8  -4.83608   7.90315
DLIPE  40  8  -3.67587   6.76612
 PNPG  41  8  -7.73944   6.38100
 PNPG  42  8  -7.08356   7.83394
 PNPG  43  8  -2.87568   3.50649
 PNPG  44  8  -7.80831   5.63000
 PNPG  45  8  -4.35519   6.27583
 PNPG  46  8  -6.20636   4.72416
 PNPG  47  8  -5.32503   6.87084
 PLPI  48  8  -5.28930   2.98332
 PLPI  49  8  -7.02162   4.40695
 PLPI  50  8  -5.10265   6.09453
 PLPI  51  8  -3.79973   5.19731
 PLPI  52  8  -5.06613   3.94777
 PLPI  53  8  -3.99611   4.16070
 PLPI  54  8  -3.71241   7.42728
 PLPI  55  8  -6.56833   5.54401
DLIPS  56  8  -6.04961   6.96962
DLIPS  57  8  -4.20420   8.42087
DLIPS  58  8  -4.99655   4.49112
DLIPS  59  8  -6.81443   6.61309
DLIPS  60  8  -3.26544   6.71931
 SITO   1  9  -3.32168  -7.64389
 SITO   2  9  -7.88647  -4.13381
 SITO   3  9  -6.71258  -7.64739
 SITO   4  9  -4.61267  -6.95131
 SITO   5  9  -6.88713  -5.70222
 SITO   6  9  -5.90133  -7.11770
 SITO   7  9  -4.46268  -7.57983
 SITO   8  9  -7.15230  -4.04525
 SITO   9  9  -2.97833  -7.26538
 SITO  10  9  -3.56034  -2.90800
 SITO  11  9  -4.01701  -7.39035
 SITO  12  9  -6.84895  -6.57022
 SITO  13  9  -7.02655  -5.25193
 SITO  14  9  -2.87321  -8.29934
 SITO  15  9  -6.28684  -6.74063
 SITO  16  9  -4.23703  -5.86981
 SITO  17  9  -3.13423  -5.97123
 SITO  18  9  -7.39461  -6.90419
 SITO  19  9  -6.96568  -4.76255
 SITO  20  9  -5.00384  -6.49140
 SITO  21  9  -5.69819  -6.74325
 SITO  22  9  -3.09692  -4.77043
 SITO  23  9  -6.42219  -5.02660
 SITO  24  9  -5.44874  -6.13415
 SITO  25  9  -5.55457  -5.69406
 PLPC  26  9  -2.80559  -3.32136
 PLPC  27  9  -6.98483  -5.94083
 PLPC  28  9  -6.86784  -6.99225
DLIPE  29  9  -4.44657  -7.37498
DLIPE  30  9  -6.36473  -7.93071
DLIPE  31  9  -8.01448  -5.53355
DLIPE  32  9  -2.97340  -6.81543
DLIPE  33  9  -4.28593  -3.76228
DLIPE  34  9  -7.76420  -3.69868
DLIPE  35  9  -7.27401  -7.65841
DLIPE  36  9  -4.98388  -5.75788
DLIPE  37  9  -7.72018  -7.81248
DLIPE  38  9  -3.99856  -4.75438
DLIPE  39  9  -4.83608  -2.97790
DLIPE  40  9  -3.67587  -4.11492
 PNPG  41  9  -7.73944  -4.50004
 PNPG  42  9  -7.08356  -3.04711
 PNPG  43  9  -2.87568  -7.37456
 PNPG  44  9  -7.80831  -5.25104
 PNPG  45  9  -4.35519  -4.60522
 PNPG  46  9  -6.20636  -6.15689
 PNPG  47  9  -5.32503  -4.01020
 PLPI  48  9  -5.28930  -7.89773
 PLPI  49  9  -7.02162  -6.47409
 PLPI  50  9  -5.10265  -4.78652
 PLPI  51  9  -3.79973  -5.68374
 PLPI  52  9  -5.06613  -6.93327
 PLPI  53  9  -3.99611  -6.72034
 PLPI  54  9  -3.71241  -3.45377
 PLPI  55  9  -6.56833  -5.33703
DLIPS  56  9  -6.04961  -3.91142
DLIPS  57  9  -4.20420  -2.46017
DLIPS  58  9  -4.99655  -6.38993
DLIPS  59  9  -6.81443  -4.26796
DLIPS  60  9  -3.26544  -4.16174
