-4.990000000000000568e+01 0.000000000000000000e+00
-4.970000000000000284e+01 0.000000000000000000e+00
-4.950000000000000000e+01 0.000000000000000000e+00
-4.930000000000000426e+01 0.000000000000000000e+00
-4.910000000000000142e+01 0.000000000000000000e+00
-4.890000000000000568e+01 0.000000000000000000e+00
-4.870000000000000284e+01 0.000000000000000000e+00
-4.850000000000000711e+01 0.000000000000000000e+00
-4.829999999999999716e+01 0.000000000000000000e+00
-4.810000000000000853e+01 0.000000000000000000e+00
-4.789999999999999858e+01 0.000000000000000000e+00
-4.770000000000000284e+01 0.000000000000000000e+00
-4.750000000000000000e+01 0.000000000000000000e+00
-4.730000000000000426e+01 0.000000000000000000e+00
-4.710000000000000142e+01 0.000000000000000000e+00
-4.690000000000000568e+01 0.000000000000000000e+00
-4.670000000000000284e+01 0.000000000000000000e+00
-4.650000000000000000e+01 0.000000000000000000e+00
-4.629999999999999716e+01 0.000000000000000000e+00
-4.610000000000000142e+01 0.000000000000000000e+00
-4.589999999999999858e+01 0.000000000000000000e+00
-4.570000000000000284e+01 0.000000000000000000e+00
-4.550000000000000000e+01 0.000000000000000000e+00
-4.530000000000000426e+01 0.000000000000000000e+00
-4.509999999999999432e+01 0.000000000000000000e+00
-4.490000000000000568e+01 0.000000000000000000e+00
-4.470000000000000284e+01 0.000000000000000000e+00
-4.450000000000000000e+01 0.000000000000000000e+00
-4.429999999999999716e+01 0.000000000000000000e+00
-4.410000000000000142e+01 0.000000000000000000e+00
-4.390000000000000568e+01 0.000000000000000000e+00
-4.370000000000000284e+01 0.000000000000000000e+00
-4.350000000000000711e+01 0.000000000000000000e+00
-4.329999999999999716e+01 0.000000000000000000e+00
-4.310000000000000853e+01 0.000000000000000000e+00
-4.289999999999999858e+01 0.000000000000000000e+00
-4.270000000000000284e+01 0.000000000000000000e+00
-4.250000000000000000e+01 0.000000000000000000e+00
-4.230000000000000426e+01 0.000000000000000000e+00
-4.210000000000000142e+01 0.000000000000000000e+00
-4.190000000000000568e+01 0.000000000000000000e+00
-4.170000000000000284e+01 0.000000000000000000e+00
-4.150000000000000000e+01 0.000000000000000000e+00
-4.129999999999999716e+01 0.000000000000000000e+00
-4.110000000000000142e+01 0.000000000000000000e+00
-4.089999999999999858e+01 0.000000000000000000e+00
-4.070000000000000284e+01 0.000000000000000000e+00
-4.050000000000000000e+01 0.000000000000000000e+00
-4.030000000000000426e+01 0.000000000000000000e+00
-4.009999999999999432e+01 0.000000000000000000e+00
-3.990000000000000568e+01 0.000000000000000000e+00
-3.970000000000000284e+01 0.000000000000000000e+00
-3.950000000000000000e+01 0.000000000000000000e+00
-3.930000000000000426e+01 0.000000000000000000e+00
-3.910000000000000142e+01 0.000000000000000000e+00
-3.889999999999999858e+01 0.000000000000000000e+00
-3.870000000000000284e+01 0.000000000000000000e+00
-3.850000000000000000e+01 0.000000000000000000e+00
-3.829999999999999716e+01 0.000000000000000000e+00
-3.810000000000000853e+01 0.000000000000000000e+00
-3.789999999999999858e+01 0.000000000000000000e+00
-3.770000000000000284e+01 0.000000000000000000e+00
-3.750000000000000000e+01 0.000000000000000000e+00
-3.730000000000000426e+01 0.000000000000000000e+00
-3.710000000000000142e+01 0.000000000000000000e+00
-3.690000000000000568e+01 0.000000000000000000e+00
-3.670000000000000284e+01 0.000000000000000000e+00
-3.650000000000000000e+01 0.000000000000000000e+00
-3.629999999999999716e+01 0.000000000000000000e+00
-3.610000000000000142e+01 0.000000000000000000e+00
-3.589999999999999858e+01 0.000000000000000000e+00
-3.570000000000000284e+01 0.000000000000000000e+00
-3.550000000000000000e+01 0.000000000000000000e+00
-3.530000000000000426e+01 0.000000000000000000e+00
-3.510000000000000142e+01 0.000000000000000000e+00
-3.490000000000000568e+01 0.000000000000000000e+00
-3.470000000000000284e+01 0.000000000000000000e+00
-3.450000000000000000e+01 0.000000000000000000e+00
-3.430000000000000426e+01 0.000000000000000000e+00
-3.410000000000000142e+01 0.000000000000000000e+00
-3.389999999999999858e+01 0.000000000000000000e+00
-3.370000000000000284e+01 0.000000000000000000e+00
-3.350000000000000000e+01 0.000000000000000000e+00
-3.329999999999999716e+01 0.000000000000000000e+00
-3.310000000000000853e+01 0.000000000000000000e+00
-3.289999999999999858e+01 0.000000000000000000e+00
-3.270000000000000284e+01 0.000000000000000000e+00
-3.250000000000000000e+01 0.000000000000000000e+00
-3.230000000000000426e+01 0.000000000000000000e+00
-3.210000000000000142e+01 0.000000000000000000e+00
-3.190000000000000568e+01 0.000000000000000000e+00
-3.169999999999999929e+01 1.711706886453612242e-06
-3.150000000000000355e+01 0.000000000000000000e+00
-3.129999999999999716e+01 1.714876361802453175e-06
-3.110000000000000142e+01 5.167187282495433465e-06
-3.089999999999999858e+01 5.145810973772313446e-06
-3.070000000000000284e+01 5.168219104234594852e-06
-3.050000000000000355e+01 3.432935955061111599e-06
-3.030000000000000426e+01 3.454762691035284661e-06
-3.010000000000000142e+01 3.451450083957752213e-06
-2.990000000000000213e+01 3.433332040003733709e-06
-2.970000000000000284e+01 1.713081587695342023e-06
-2.950000000000000000e+01 3.424435817578341812e-06
-2.930000000000000071e+01 8.594431164965499192e-06
-2.910000000000000142e+01 6.871476671221898869e-06
-2.890000000000000213e+01 1.029862050927476957e-05
-2.870000000000000284e+01 1.033330136124277487e-05
-2.850000000000000000e+01 6.854028015368385240e-06
-2.830000000000000071e+01 1.545163104310631752e-05
-2.810000000000000142e+01 2.740506170084699988e-05
-2.789999999999999858e+01 2.744740049820393324e-05
-2.769999999999999929e+01 3.601932985475286841e-05
-2.750000000000000000e+01 3.082085095229558647e-05
-2.730000000000000071e+01 5.140967914485372603e-05
-2.710000000000000142e+01 5.137842163094319403e-05
-2.689999999999999858e+01 7.371890387730672956e-05
-2.670000000000000284e+01 8.219438313972204924e-05
-2.650000000000000355e+01 7.717126572970300913e-05
-2.630000000000000426e+01 1.270013453904539347e-04
-2.610000000000000142e+01 1.407562667736783624e-04
-2.590000000000000213e+01 1.819788158172741532e-04
-2.570000000000000284e+01 2.299923944519832730e-04
-2.550000000000000355e+01 2.819299697875976562e-04
-2.530000000000000426e+01 3.387551405467092991e-04
-2.510000000000000142e+01 4.328741051722317934e-04
-2.490000000000000213e+01 4.930360009893774986e-04
-2.470000000000000284e+01 5.290824337862432003e-04
-2.450000000000000000e+01 6.369957118295133114e-04
-2.430000000000000071e+01 6.436604890041053295e-04
-2.410000000000000142e+01 6.567694363184273243e-04
-2.390000000000000213e+01 5.748000694438815117e-04
-2.370000000000000284e+01 6.729935994371771812e-04
-2.350000000000000000e+01 5.184904439374804497e-04
-2.330000000000000071e+01 4.875718732364475727e-04
-2.310000000000000142e+01 4.254559462424367666e-04
-2.289999999999999858e+01 4.525389231275767088e-04
-2.269999999999999929e+01 4.290744254831224680e-04
-2.250000000000000000e+01 3.227019624318927526e-04
-2.230000000000000071e+01 3.431443765293806791e-04
-2.210000000000000142e+01 3.411069628782570362e-04
-2.189999999999999858e+01 3.051697567570954561e-04
-2.170000000000000284e+01 2.313951845280826092e-04
-2.150000000000000355e+01 1.990261080209165812e-04
-2.130000000000000426e+01 1.524071412859484553e-04
-2.110000000000000142e+01 1.284913159906864166e-04
-2.090000000000000213e+01 1.181319457828067243e-04
-2.070000000000000284e+01 1.162883272627368569e-04
-2.050000000000000355e+01 9.074830450117588043e-05
-2.030000000000000426e+01 1.131214521592482924e-04
-2.010000000000000142e+01 1.249369524884968996e-04
-1.990000000000000213e+01 1.231175556313246489e-04
-1.970000000000000284e+01 1.077387933037243783e-04
-1.950000000000000000e+01 9.398662223247811198e-05
-1.930000000000000071e+01 7.859910692786797881e-05
-1.910000000000000142e+01 6.325695721898227930e-05
-1.890000000000000213e+01 4.094418545719236135e-05
-1.870000000000000284e+01 4.269049895810894668e-05
-1.850000000000000000e+01 2.050910188700072467e-05
-1.830000000000000071e+01 1.364563922834349796e-05
-1.810000000000000142e+01 8.565589268982876092e-06
-1.789999999999999858e+01 1.705920453787257429e-06
-1.769999999999999929e+01 1.367630738968728110e-05
-1.750000000000000000e+01 3.413998911128146574e-06
-1.730000000000000071e+01 1.703942302810901310e-06
-1.710000000000000142e+01 0.000000000000000000e+00
-1.689999999999999858e+01 1.702768599898263346e-06
-1.669999999999999929e+01 0.000000000000000000e+00
-1.650000000000000355e+01 0.000000000000000000e+00
-1.630000000000000426e+01 0.000000000000000000e+00
-1.610000000000000142e+01 0.000000000000000000e+00
-1.590000000000000213e+01 0.000000000000000000e+00
-1.570000000000000284e+01 0.000000000000000000e+00
-1.550000000000000355e+01 0.000000000000000000e+00
-1.530000000000000249e+01 0.000000000000000000e+00
-1.510000000000000142e+01 0.000000000000000000e+00
-1.490000000000000213e+01 0.000000000000000000e+00
-1.470000000000000284e+01 0.000000000000000000e+00
-1.450000000000000178e+01 0.000000000000000000e+00
-1.430000000000000071e+01 0.000000000000000000e+00
-1.410000000000000142e+01 0.000000000000000000e+00
-1.390000000000000213e+01 0.000000000000000000e+00
-1.370000000000000107e+01 0.000000000000000000e+00
-1.350000000000000000e+01 0.000000000000000000e+00
-1.330000000000000071e+01 0.000000000000000000e+00
-1.310000000000000142e+01 0.000000000000000000e+00
-1.290000000000000036e+01 0.000000000000000000e+00
-1.269999999999999929e+01 0.000000000000000000e+00
-1.250000000000000000e+01 0.000000000000000000e+00
-1.230000000000000071e+01 0.000000000000000000e+00
-1.209999999999999964e+01 0.000000000000000000e+00
-1.189999999999999858e+01 0.000000000000000000e+00
-1.169999999999999929e+01 0.000000000000000000e+00
-1.150000000000000355e+01 0.000000000000000000e+00
-1.130000000000000426e+01 0.000000000000000000e+00
-1.110000000000000320e+01 0.000000000000000000e+00
-1.090000000000000213e+01 0.000000000000000000e+00
-1.070000000000000284e+01 0.000000000000000000e+00
-1.050000000000000355e+01 0.000000000000000000e+00
-1.030000000000000249e+01 0.000000000000000000e+00
-1.010000000000000142e+01 0.000000000000000000e+00
-9.900000000000002132e+00 0.000000000000000000e+00
-9.699999999999997513e+00 0.000000000000000000e+00
-9.500000000000001776e+00 0.000000000000000000e+00
-9.299999999999997158e+00 0.000000000000000000e+00
-9.100000000000001421e+00 0.000000000000000000e+00
-8.900000000000005684e+00 0.000000000000000000e+00
-8.700000000000001066e+00 0.000000000000000000e+00
-8.500000000000005329e+00 0.000000000000000000e+00
-8.300000000000000711e+00 0.000000000000000000e+00
-8.100000000000004974e+00 0.000000000000000000e+00
-7.900000000000000355e+00 0.000000000000000000e+00
-7.700000000000004619e+00 0.000000000000000000e+00
-7.500000000000000000e+00 0.000000000000000000e+00
-7.300000000000004263e+00 0.000000000000000000e+00
-7.099999999999999645e+00 0.000000000000000000e+00
-6.900000000000003908e+00 0.000000000000000000e+00
-6.699999999999999289e+00 0.000000000000000000e+00
-6.500000000000003553e+00 0.000000000000000000e+00
-6.299999999999998934e+00 0.000000000000000000e+00
-6.100000000000003197e+00 0.000000000000000000e+00
-5.899999999999998579e+00 0.000000000000000000e+00
-5.700000000000002842e+00 0.000000000000000000e+00
-5.499999999999998224e+00 0.000000000000000000e+00
-5.300000000000002487e+00 0.000000000000000000e+00
-5.099999999999997868e+00 0.000000000000000000e+00
-4.900000000000002132e+00 0.000000000000000000e+00
-4.699999999999997513e+00 0.000000000000000000e+00
-4.500000000000001776e+00 0.000000000000000000e+00
-4.299999999999997158e+00 0.000000000000000000e+00
-4.100000000000001421e+00 0.000000000000000000e+00
-3.899999999999996803e+00 0.000000000000000000e+00
-3.700000000000001066e+00 0.000000000000000000e+00
-3.500000000000005329e+00 0.000000000000000000e+00
-3.300000000000000711e+00 0.000000000000000000e+00
-3.100000000000004974e+00 0.000000000000000000e+00
-2.900000000000000355e+00 0.000000000000000000e+00
-2.700000000000004619e+00 0.000000000000000000e+00
-2.500000000000000000e+00 0.000000000000000000e+00
-2.300000000000004263e+00 0.000000000000000000e+00
-2.099999999999999645e+00 0.000000000000000000e+00
-1.900000000000003908e+00 0.000000000000000000e+00
-1.699999999999999289e+00 0.000000000000000000e+00
-1.500000000000003553e+00 0.000000000000000000e+00
-1.299999999999998934e+00 0.000000000000000000e+00
-1.100000000000003197e+00 0.000000000000000000e+00
-8.999999999999985789e-01 0.000000000000000000e+00
-7.000000000000028422e-01 0.000000000000000000e+00
-4.999999999999982236e-01 0.000000000000000000e+00
-3.000000000000024869e-01 0.000000000000000000e+00
-9.999999999999786837e-02 0.000000000000000000e+00
9.999999999999786837e-02 0.000000000000000000e+00
3.000000000000024869e-01 0.000000000000000000e+00
4.999999999999982236e-01 0.000000000000000000e+00
7.000000000000028422e-01 0.000000000000000000e+00
8.999999999999985789e-01 0.000000000000000000e+00
1.100000000000003197e+00 0.000000000000000000e+00
1.299999999999998934e+00 0.000000000000000000e+00
1.499999999999994671e+00 0.000000000000000000e+00
1.699999999999999289e+00 0.000000000000000000e+00
1.899999999999995026e+00 0.000000000000000000e+00
2.099999999999999645e+00 0.000000000000000000e+00
2.299999999999995381e+00 0.000000000000000000e+00
2.500000000000000000e+00 0.000000000000000000e+00
2.699999999999995737e+00 0.000000000000000000e+00
2.900000000000000355e+00 0.000000000000000000e+00
3.099999999999996092e+00 0.000000000000000000e+00
3.300000000000000711e+00 0.000000000000000000e+00
3.499999999999996447e+00 0.000000000000000000e+00
3.700000000000001066e+00 0.000000000000000000e+00
3.899999999999996803e+00 0.000000000000000000e+00
4.100000000000001421e+00 0.000000000000000000e+00
4.299999999999997158e+00 0.000000000000000000e+00
4.500000000000001776e+00 0.000000000000000000e+00
4.699999999999997513e+00 0.000000000000000000e+00
4.900000000000002132e+00 0.000000000000000000e+00
5.099999999999997868e+00 0.000000000000000000e+00
5.300000000000002487e+00 0.000000000000000000e+00
5.499999999999998224e+00 0.000000000000000000e+00
5.700000000000002842e+00 0.000000000000000000e+00
5.899999999999998579e+00 0.000000000000000000e+00
6.100000000000003197e+00 0.000000000000000000e+00
6.299999999999998934e+00 0.000000000000000000e+00
6.499999999999994671e+00 0.000000000000000000e+00
6.699999999999999289e+00 0.000000000000000000e+00
6.899999999999995026e+00 0.000000000000000000e+00
7.099999999999999645e+00 0.000000000000000000e+00
7.299999999999995381e+00 0.000000000000000000e+00
7.500000000000000000e+00 0.000000000000000000e+00
7.699999999999995737e+00 0.000000000000000000e+00
7.900000000000000355e+00 0.000000000000000000e+00
8.099999999999996092e+00 0.000000000000000000e+00
8.300000000000000711e+00 0.000000000000000000e+00
8.499999999999996447e+00 0.000000000000000000e+00
8.700000000000001066e+00 0.000000000000000000e+00
8.899999999999996803e+00 0.000000000000000000e+00
9.100000000000001421e+00 0.000000000000000000e+00
9.299999999999997158e+00 0.000000000000000000e+00
9.500000000000001776e+00 0.000000000000000000e+00
9.699999999999997513e+00 0.000000000000000000e+00
9.900000000000002132e+00 0.000000000000000000e+00
1.009999999999999787e+01 0.000000000000000000e+00
1.030000000000000249e+01 0.000000000000000000e+00
1.049999999999999822e+01 0.000000000000000000e+00
1.070000000000000284e+01 0.000000000000000000e+00
1.089999999999999858e+01 0.000000000000000000e+00
1.110000000000000320e+01 0.000000000000000000e+00
1.129999999999999893e+01 0.000000000000000000e+00
1.150000000000000355e+01 0.000000000000000000e+00
1.169999999999999929e+01 0.000000000000000000e+00
1.189999999999999503e+01 0.000000000000000000e+00
1.209999999999999964e+01 0.000000000000000000e+00
1.229999999999999538e+01 0.000000000000000000e+00
1.250000000000000000e+01 0.000000000000000000e+00
1.269999999999999574e+01 0.000000000000000000e+00
1.290000000000000036e+01 0.000000000000000000e+00
1.309999999999999609e+01 0.000000000000000000e+00
1.330000000000000071e+01 0.000000000000000000e+00
1.349999999999999645e+01 0.000000000000000000e+00
1.370000000000000107e+01 0.000000000000000000e+00
1.389999999999999680e+01 0.000000000000000000e+00
1.410000000000000142e+01 0.000000000000000000e+00
1.429999999999999716e+01 0.000000000000000000e+00
1.450000000000000178e+01 0.000000000000000000e+00
1.469999999999999751e+01 0.000000000000000000e+00
1.490000000000000213e+01 0.000000000000000000e+00
1.509999999999999787e+01 0.000000000000000000e+00
1.530000000000000249e+01 0.000000000000000000e+00
1.549999999999999822e+01 1.717177383397938684e-06
1.570000000000000284e+01 5.148989657755009830e-06
1.589999999999999858e+01 1.027497819450218230e-05
1.610000000000000142e+01 3.416063691474846564e-06
1.629999999999999716e+01 1.023037111735902727e-05
1.650000000000000355e+01 1.711864751996472478e-05
1.669999999999999929e+01 1.708106356090866029e-05
1.689999999999999503e+01 2.224492163804825395e-05
1.710000000000000142e+01 2.049291288130916655e-05
1.729999999999999716e+01 2.571484583313576877e-05
1.750000000000000000e+01 2.389474320807494223e-05
1.769999999999999574e+01 2.567729279689956456e-05
1.789999999999999858e+01 2.903367203543893993e-05
1.809999999999999432e+01 3.938514419132843614e-05
1.830000000000000071e+01 4.432033529155887663e-05
1.849999999999999645e+01 8.546450408175587654e-05
1.870000000000000284e+01 1.025177625706419349e-04
1.889999999999999858e+01 1.436332386219874024e-04
1.910000000000000142e+01 1.864906807895749807e-04
1.929999999999999716e+01 2.226818614872172475e-04
1.950000000000000000e+01 2.158227580366656184e-04
1.969999999999999574e+01 2.710098051466047764e-04
1.990000000000000213e+01 2.418296207906678319e-04
2.009999999999999787e+01 2.964543527923524380e-04
2.030000000000000426e+01 3.295417118351906538e-04
2.050000000000000000e+01 2.815156185533851385e-04
2.070000000000000284e+01 2.971090434584766626e-04
2.089999999999999858e+01 3.282099787611514330e-04
2.110000000000000142e+01 3.058604779653251171e-04
2.129999999999999716e+01 3.347916644997894764e-04
2.150000000000000355e+01 3.550238616298884153e-04
2.169999999999999929e+01 3.193419252056628466e-04
2.189999999999999503e+01 3.445485199335962534e-04
2.210000000000000142e+01 3.805457672569900751e-04
2.229999999999999716e+01 3.735852369572967291e-04
2.250000000000000000e+01 3.345064178574830294e-04
2.269999999999999574e+01 3.240633232053369284e-04
2.289999999999999858e+01 3.634325694292783737e-04
2.309999999999999432e+01 4.237525863572955132e-04
2.330000000000000071e+01 3.618231858126819134e-04
2.349999999999999645e+01 3.981904010288417339e-04
2.370000000000000284e+01 4.274037200957536697e-04
2.389999999999999858e+01 4.276367835700511932e-04
2.410000000000000142e+01 3.846884064842015505e-04
2.429999999999999716e+01 3.780148108489811420e-04
2.450000000000000000e+01 3.297977964393794537e-04
2.469999999999999574e+01 2.457717782817780972e-04
2.490000000000000213e+01 2.438665687805041671e-04
2.509999999999999787e+01 2.146593615179881454e-04
2.530000000000000426e+01 2.216619323007762432e-04
2.550000000000000000e+01 2.196081622969359159e-04
2.570000000000000284e+01 2.452429616823792458e-04
2.589999999999999858e+01 1.869928964879363775e-04
2.610000000000000142e+01 1.715639518806710839e-04
2.629999999999999716e+01 1.323159522144123912e-04
2.650000000000000355e+01 9.795956430025398731e-05
2.669999999999999929e+01 6.705479609081521630e-05
2.689999999999999503e+01 3.602026117732748389e-05
2.710000000000000142e+01 2.746117570495698601e-05
2.729999999999999716e+01 2.056787707260809839e-05
2.750000000000000000e+01 6.857300377305364236e-06
2.769999999999999574e+01 5.130410499987192452e-06
2.789999999999999858e+01 1.696433969300414901e-06
2.809999999999999432e+01 0.000000000000000000e+00
2.830000000000000071e+01 0.000000000000000000e+00
2.849999999999999645e+01 0.000000000000000000e+00
2.870000000000000284e+01 0.000000000000000000e+00
2.889999999999999858e+01 0.000000000000000000e+00
2.910000000000000142e+01 0.000000000000000000e+00
2.929999999999999716e+01 0.000000000000000000e+00
2.950000000000000000e+01 0.000000000000000000e+00
2.969999999999999574e+01 0.000000000000000000e+00
2.990000000000000213e+01 0.000000000000000000e+00
3.009999999999999787e+01 0.000000000000000000e+00
3.029999999999999361e+01 0.000000000000000000e+00
3.050000000000000711e+01 0.000000000000000000e+00
3.070000000000000284e+01 0.000000000000000000e+00
3.089999999999999858e+01 0.000000000000000000e+00
3.109999999999999432e+01 0.000000000000000000e+00
3.130000000000000782e+01 0.000000000000000000e+00
3.150000000000000355e+01 0.000000000000000000e+00
3.169999999999999929e+01 0.000000000000000000e+00
3.189999999999999503e+01 0.000000000000000000e+00
3.209999999999999432e+01 0.000000000000000000e+00
3.230000000000000426e+01 0.000000000000000000e+00
3.250000000000000000e+01 0.000000000000000000e+00
3.269999999999999574e+01 0.000000000000000000e+00
3.289999999999999147e+01 0.000000000000000000e+00
3.310000000000000853e+01 0.000000000000000000e+00
3.329999999999999716e+01 0.000000000000000000e+00
3.350000000000000000e+01 0.000000000000000000e+00
3.369999999999998863e+01 0.000000000000000000e+00
3.390000000000000568e+01 0.000000000000000000e+00
3.410000000000000142e+01 0.000000000000000000e+00
3.429999999999999716e+01 0.000000000000000000e+00
3.449999999999999289e+01 0.000000000000000000e+00
3.470000000000000284e+01 0.000000000000000000e+00
3.490000000000000568e+01 0.000000000000000000e+00
3.509999999999999432e+01 0.000000000000000000e+00
3.529999999999999716e+01 0.000000000000000000e+00
3.550000000000000711e+01 0.000000000000000000e+00
3.570000000000000284e+01 0.000000000000000000e+00
3.589999999999999858e+01 0.000000000000000000e+00
3.609999999999999432e+01 0.000000000000000000e+00
3.630000000000001137e+01 0.000000000000000000e+00
3.650000000000000000e+01 0.000000000000000000e+00
3.670000000000000284e+01 0.000000000000000000e+00
3.689999999999999147e+01 0.000000000000000000e+00
3.710000000000000853e+01 0.000000000000000000e+00
3.730000000000000426e+01 0.000000000000000000e+00
3.750000000000000000e+01 0.000000000000000000e+00
3.769999999999999574e+01 0.000000000000000000e+00
3.789999999999999147e+01 0.000000000000000000e+00
3.810000000000000853e+01 0.000000000000000000e+00
3.829999999999999716e+01 0.000000000000000000e+00
3.850000000000000000e+01 0.000000000000000000e+00
3.869999999999998863e+01 0.000000000000000000e+00
3.890000000000000568e+01 0.000000000000000000e+00
3.910000000000000142e+01 0.000000000000000000e+00
3.929999999999999716e+01 0.000000000000000000e+00
3.949999999999999289e+01 0.000000000000000000e+00
3.970000000000000284e+01 0.000000000000000000e+00
3.990000000000000568e+01 0.000000000000000000e+00
4.009999999999999432e+01 0.000000000000000000e+00
4.029999999999999716e+01 0.000000000000000000e+00
4.050000000000000711e+01 0.000000000000000000e+00
4.070000000000000284e+01 0.000000000000000000e+00
4.089999999999999858e+01 0.000000000000000000e+00
4.109999999999999432e+01 0.000000000000000000e+00
4.130000000000001137e+01 0.000000000000000000e+00
4.150000000000000000e+01 0.000000000000000000e+00
4.170000000000000284e+01 0.000000000000000000e+00
4.189999999999999147e+01 0.000000000000000000e+00
4.210000000000000853e+01 0.000000000000000000e+00
4.230000000000000426e+01 0.000000000000000000e+00
4.250000000000000000e+01 0.000000000000000000e+00
4.269999999999999574e+01 0.000000000000000000e+00
4.289999999999999147e+01 0.000000000000000000e+00
4.310000000000000853e+01 0.000000000000000000e+00
4.329999999999999716e+01 0.000000000000000000e+00
4.350000000000000000e+01 0.000000000000000000e+00
4.369999999999998863e+01 0.000000000000000000e+00
4.390000000000000568e+01 0.000000000000000000e+00
4.410000000000000142e+01 0.000000000000000000e+00
4.429999999999999716e+01 0.000000000000000000e+00
4.449999999999999289e+01 0.000000000000000000e+00
4.470000000000000284e+01 0.000000000000000000e+00
4.490000000000000568e+01 0.000000000000000000e+00
4.509999999999999432e+01 0.000000000000000000e+00
4.529999999999999716e+01 0.000000000000000000e+00
4.550000000000000711e+01 0.000000000000000000e+00
4.570000000000000284e+01 0.000000000000000000e+00
4.589999999999999858e+01 0.000000000000000000e+00
4.609999999999999432e+01 0.000000000000000000e+00
4.630000000000001137e+01 0.000000000000000000e+00
4.650000000000000000e+01 0.000000000000000000e+00
4.670000000000000284e+01 0.000000000000000000e+00
4.689999999999999147e+01 0.000000000000000000e+00
4.710000000000000853e+01 0.000000000000000000e+00
4.730000000000000426e+01 0.000000000000000000e+00
4.750000000000000000e+01 0.000000000000000000e+00
4.769999999999999574e+01 0.000000000000000000e+00
4.789999999999999147e+01 0.000000000000000000e+00
4.810000000000000853e+01 0.000000000000000000e+00
4.829999999999999716e+01 0.000000000000000000e+00
4.850000000000000000e+01 0.000000000000000000e+00
4.869999999999998863e+01 0.000000000000000000e+00
4.890000000000000568e+01 0.000000000000000000e+00
4.910000000000000142e+01 0.000000000000000000e+00
4.929999999999999716e+01 0.000000000000000000e+00
4.949999999999999289e+01 0.000000000000000000e+00
4.970000000000000284e+01 0.000000000000000000e+00
4.990000000000000568e+01 0.000000000000000000e+00
