-6.787150549888061612e-05
-1.320483883223329788e-05
-5.871505498837119128e-06
-8.715054988783776935e-07
-1.487150549887387466e-05
3.346182783448004017e-05
1.701284945011168612e-04
-1.787150549888612622e-05
-1.453817216553095723e-05
-2.025381721655339362e-04
-5.320483883219928600e-05
-6.220483883216203203e-05
1.479516116775769774e-05
3.646182783445528486e-05
-2.420483883221654159e-05
2.146182783446803910e-05
-1.108715054988588660e-04
-2.587150549885712175e-05
3.379516116778594903e-05
2.179516116777395135e-05
-1.287150549889037876e-05
-2.453817216552245384e-05
-2.498715054988591140e-04
-2.653817216554295660e-05
4.812849450112436511e-05
6.746182783445853204e-05
1.046182783448479370e-05
-4.538172165539459777e-06
1.094618278344450246e-04
1.261284945011098557e-04
7.795161167815459563e-06
-3.520483883219979038e-05
-1.187150549886162310e-05
-7.287150549887637374e-05
-3.087150549885286921e-05
-1.487150549883686779e-05
2.479516116778620122e-05
-3.025381721655229228e-04
-3.753817216552620539e-05
2.271284945011275980e-04
-1.075381721655406937e-04
1.461827834448037322e-06
2.146182783443103054e-05
