2.865504402884229139e-05
7.027184903048328532e-06
1.156965117677291447e-05
1.750864634681033159e-05
5.090989895303831907e-06
6.842927290963330582e-05
1.123713352541024761e-05
1.132637604785518958e-05
2.696714092721531284e-06
3.956538259925136458e-05
2.425574806054596946e-05
3.283721240086093500e-05
5.589170891412473371e-05
6.141864874065631531e-05
1.454546486330729088e-05
5.101957749984167633e-05
3.796443842698715644e-05
1.114933301848131403e-05
3.161817205018771688e-05
1.585863614950647606e-04
1.635716006765929482e-05
3.171572766840947293e-05
7.612263806567428541e-05
1.124210872242590891e-05
1.468343753932277169e-04
3.077302621163298038e-05
4.757358310148223290e-05
1.397149421600745364e-06
1.786649169905094270e-05
6.866138419864575599e-05
4.581900295260278010e-06
9.299685226452906637e-05
4.373853712648747165e-06
1.133057875037946105e-04
1.162208236014548261e-04
3.713997587687419084e-06
1.589095417435387001e-05
8.545337188868790471e-05
7.385266278269267652e-06
1.083472386311657831e-04
8.155585487666735416e-05
3.847821440059895229e-05
1.416589038562823452e-05
