2.286189732815177133e-03
5.418669888357560130e-04
1.029368475250054711e-03
1.307841096474317375e-03
4.158250347533199429e-04
4.933952227179060415e-03
4.069789321623429800e-04
9.339487008086234639e-04
1.355878118821151137e-04
2.458433822109216526e-03
1.801503901448823662e-03
2.363734975223144574e-03
3.386072753480327130e-03
3.723434988350967766e-03
1.066648473757547851e-03
2.675543803961033876e-03
3.244971953313110884e-03
9.260432976252436612e-04
2.249107718503097486e-03
1.384448540058375553e-02
1.412588697558621103e-03
3.182379045366846501e-03
4.073704612743997942e-03
6.941832200535909270e-04
9.985737309257463126e-03
2.608950384179304759e-03
4.159184162923554653e-03
1.951271168106107892e-04
9.682982040887166617e-04
4.259185402621376744e-03
2.716944888228953604e-04
6.170256537809409685e-03
2.758062868938826961e-04
7.849741619795833070e-03
7.131595740003378141e-03
1.127564369362053863e-04
8.654448386090656973e-04
4.892525033620798852e-03
3.084566899664461484e-04
6.463716987543244655e-03
6.405621310714555879e-03
2.700235546984871508e-03
1.560357840142061669e-03
