0.000000000000000000e+00
0.000000000000000000e+00
0.000000000000000000e+00
0.000000000000000000e+00
0.000000000000000000e+00
0.000000000000000000e+00
0.000000000000000000e+00
0.000000000000000000e+00
0.000000000000000000e+00
0.000000000000000000e+00
0.000000000000000000e+00
0.000000000000000000e+00
0.000000000000000000e+00
0.000000000000000000e+00
0.000000000000000000e+00
0.000000000000000000e+00
0.000000000000000000e+00
0.000000000000000000e+00
0.000000000000000000e+00
0.000000000000000000e+00
0.000000000000000000e+00
0.000000000000000000e+00
0.000000000000000000e+00
0.000000000000000000e+00
0.000000000000000000e+00
0.000000000000000000e+00
0.000000000000000000e+00
0.000000000000000000e+00
0.000000000000000000e+00
0.000000000000000000e+00
1.722617525956593454e-06
8.570184945710934699e-06
1.546167004562448710e-05
2.401576966803986579e-05
3.085509160882793367e-05
3.427632327657192945e-05
3.786208253586664796e-05
6.350313924485817552e-05
1.030815692502073944e-04
1.098264110623858869e-04
1.304018514929339290e-04
1.286589686060324311e-04
1.698834676062688231e-04
1.559278462082147598e-04
1.044979580910876393e-04
1.593422639416530728e-04
1.301870506722480059e-04
1.422474451828747988e-04
1.337317953584715724e-04
1.270346983801573515e-04
1.252011716132983565e-04
1.268519263248890638e-04
1.562071265652775764e-04
1.183487183880060911e-04
1.149150557466782629e-04
1.166836154880002141e-04
1.218949764734134078e-04
1.253048103535547853e-04
1.114164260798133910e-04
1.424535730620846152e-04
1.579036033945158124e-04
1.474566379329189658e-04
1.597792143002152443e-04
1.098823922802694142e-04
1.405835500918328762e-04
1.372499245917424560e-04
1.234051014762371778e-04
1.271864020964130759e-04
1.304480101680383086e-04
1.388561940984800458e-04
1.613539498066529632e-04
1.303856843151152134e-04
1.388874661643058062e-04
1.389968820149078965e-04
1.542989193694666028e-04
1.680578134255483747e-04
1.580785174155607820e-04
1.320371229667216539e-04
1.080569563782773912e-04
1.579237577971071005e-04
1.648846664465963840e-04
1.442223438061773777e-04
1.663571601966395974e-04
1.698531414149329066e-04
1.560921227792277932e-04
1.717170525807887316e-04
1.837409072322770953e-04
1.922845985973253846e-04
1.819455355871468782e-04
1.735505211399868131e-04
1.733534591039642692e-04
2.233316918136551976e-04
1.907138357637450099e-04
1.940219517564401031e-04
2.095695235766470432e-04
2.077514945995062590e-04
1.733923127176240087e-04
2.078489924315363169e-04
2.336117031518369913e-04
2.418702642899006605e-04
2.677690645214170218e-04
2.748668775893747807e-04
2.611035597510635853e-04
2.712681307457387447e-04
2.781847142614424229e-04
3.039579314645379782e-04
3.399368724785745144e-04
3.377471875865012407e-04
3.671917947940528393e-04
3.842918376903980970e-04
3.787185123655945063e-04
4.423315695021301508e-04
4.221961717121303082e-04
4.064432578161358833e-04
3.995369188487529755e-04
4.595823702402412891e-04
3.788869362324476242e-04
4.392302071209996939e-04
4.062017833348363638e-04
4.287720366846770048e-04
4.129415610805153847e-04
4.869887779932469130e-04
4.274421953596174717e-04
4.479057970456779003e-04
4.132059111725538969e-04
4.371654067654162645e-04
4.337923019193112850e-04
4.477124894037842751e-04
4.544229304883629084e-04
4.628016904462128878e-04
4.252562357578426600e-04
4.133295151405036449e-04
4.306714108679443598e-04
4.290597280487418175e-04
4.151931789238005877e-04
3.878472489304840565e-04
4.289057396817952394e-04
4.103168612346053123e-04
3.601375792641192675e-04
4.012343415524810553e-04
4.148903826717287302e-04
4.233602958265691996e-04
4.372489638626575470e-04
4.490661958698183298e-04
3.892395761795341969e-04
4.200261610094457865e-04
5.267367814667522907e-04
5.198293947614729404e-04
4.852341080550104380e-04
4.750532389152795076e-04
4.062153748236596584e-04
3.514802956487983465e-04
3.174234298057854176e-04
3.107125812675803900e-04
2.252059639431536198e-04
2.042396226897835732e-04
1.528412103652954102e-04
9.436046093469485641e-05
6.710383604513481259e-05
5.862402394996024668e-05
4.992190224584192038e-05
3.607269536587409675e-05
1.548243199067655951e-05
5.135313585924450308e-06
5.156938186701154336e-06
3.440254431552602910e-06
1.690981889623799361e-06
0.000000000000000000e+00
0.000000000000000000e+00
0.000000000000000000e+00
0.000000000000000000e+00
0.000000000000000000e+00
0.000000000000000000e+00
0.000000000000000000e+00
0.000000000000000000e+00
0.000000000000000000e+00
0.000000000000000000e+00
0.000000000000000000e+00
0.000000000000000000e+00
0.000000000000000000e+00
0.000000000000000000e+00
0.000000000000000000e+00
0.000000000000000000e+00
0.000000000000000000e+00
0.000000000000000000e+00
0.000000000000000000e+00
0.000000000000000000e+00
0.000000000000000000e+00
0.000000000000000000e+00
0.000000000000000000e+00
0.000000000000000000e+00
0.000000000000000000e+00
0.000000000000000000e+00
0.000000000000000000e+00
0.000000000000000000e+00
0.000000000000000000e+00
0.000000000000000000e+00
0.000000000000000000e+00
0.000000000000000000e+00
0.000000000000000000e+00
0.000000000000000000e+00
0.000000000000000000e+00
0.000000000000000000e+00
0.000000000000000000e+00
0.000000000000000000e+00
0.000000000000000000e+00
0.000000000000000000e+00
0.000000000000000000e+00
0.000000000000000000e+00
0.000000000000000000e+00
0.000000000000000000e+00
0.000000000000000000e+00
0.000000000000000000e+00
0.000000000000000000e+00
0.000000000000000000e+00
0.000000000000000000e+00
0.000000000000000000e+00
0.000000000000000000e+00
0.000000000000000000e+00
0.000000000000000000e+00
0.000000000000000000e+00
0.000000000000000000e+00
0.000000000000000000e+00
0.000000000000000000e+00
0.000000000000000000e+00
0.000000000000000000e+00
0.000000000000000000e+00
0.000000000000000000e+00
0.000000000000000000e+00
0.000000000000000000e+00
0.000000000000000000e+00
0.000000000000000000e+00
0.000000000000000000e+00
0.000000000000000000e+00
0.000000000000000000e+00
0.000000000000000000e+00
0.000000000000000000e+00
0.000000000000000000e+00
0.000000000000000000e+00
0.000000000000000000e+00
0.000000000000000000e+00
0.000000000000000000e+00
0.000000000000000000e+00
0.000000000000000000e+00
0.000000000000000000e+00
0.000000000000000000e+00
0.000000000000000000e+00
0.000000000000000000e+00
0.000000000000000000e+00
0.000000000000000000e+00
0.000000000000000000e+00
0.000000000000000000e+00
0.000000000000000000e+00
0.000000000000000000e+00
0.000000000000000000e+00
0.000000000000000000e+00
0.000000000000000000e+00
0.000000000000000000e+00
0.000000000000000000e+00
0.000000000000000000e+00
0.000000000000000000e+00
0.000000000000000000e+00
0.000000000000000000e+00
0.000000000000000000e+00
0.000000000000000000e+00
0.000000000000000000e+00
0.000000000000000000e+00
0.000000000000000000e+00
0.000000000000000000e+00
0.000000000000000000e+00
0.000000000000000000e+00
0.000000000000000000e+00
0.000000000000000000e+00
0.000000000000000000e+00
0.000000000000000000e+00
0.000000000000000000e+00
0.000000000000000000e+00
0.000000000000000000e+00
0.000000000000000000e+00
0.000000000000000000e+00
0.000000000000000000e+00
0.000000000000000000e+00
0.000000000000000000e+00
0.000000000000000000e+00
0.000000000000000000e+00
0.000000000000000000e+00
0.000000000000000000e+00
0.000000000000000000e+00
0.000000000000000000e+00
0.000000000000000000e+00
0.000000000000000000e+00
0.000000000000000000e+00
0.000000000000000000e+00
0.000000000000000000e+00
0.000000000000000000e+00
0.000000000000000000e+00
0.000000000000000000e+00
0.000000000000000000e+00
0.000000000000000000e+00
0.000000000000000000e+00
0.000000000000000000e+00
0.000000000000000000e+00
0.000000000000000000e+00
0.000000000000000000e+00
0.000000000000000000e+00
0.000000000000000000e+00
0.000000000000000000e+00
0.000000000000000000e+00
0.000000000000000000e+00
0.000000000000000000e+00
0.000000000000000000e+00
0.000000000000000000e+00
0.000000000000000000e+00
0.000000000000000000e+00
0.000000000000000000e+00
0.000000000000000000e+00
0.000000000000000000e+00
0.000000000000000000e+00
0.000000000000000000e+00
0.000000000000000000e+00
0.000000000000000000e+00
0.000000000000000000e+00
0.000000000000000000e+00
0.000000000000000000e+00
0.000000000000000000e+00
0.000000000000000000e+00
1.719023998703050893e-06
1.730205667627160437e-06
1.031422107189428061e-05
1.371267990180058405e-05
2.062128442048560828e-05
4.130308661842718720e-05
8.241395698860287666e-05
7.887805986683815718e-05
1.028877159114927053e-04
1.165678113466128707e-04
1.252330403076484799e-04
1.509712601546198130e-04
1.887062244350090623e-04
2.455204084981232882e-04
2.609206130728125572e-04
2.951643546111881733e-04
3.038675349671393633e-04
2.881637483369559050e-04
3.432526427786797285e-04
2.881343825720250607e-04
3.016671980731189251e-04
3.069379890803247690e-04
3.704989794641733170e-04
3.566928207874298096e-04
3.581871860660612583e-04
3.773065400309860706e-04
4.185960860922932625e-04
4.216303932480514050e-04
4.661763377953320742e-04
3.947832447011023760e-04
5.112296203151345253e-04
5.077632376924157143e-04
4.667727043852210045e-04
5.801049410365521908e-04
4.756091220770031214e-04
5.356477922759950161e-04
5.784878740087151527e-04
4.963335813954472542e-04
5.063274875283241272e-04
5.008627194911241531e-04
5.097792600281536579e-04
5.581009318120777607e-04
4.823546041734516621e-04
4.974439507350325584e-04
5.195502308197319508e-04
5.009592860005795956e-04
5.028271698392927647e-04
4.873737052548676729e-04
4.463363729882985353e-04
4.370294045656919479e-04
4.218011454213410616e-04
4.650226910598576069e-04
4.085653927177190781e-04
3.756654623430222273e-04
3.962925693485885859e-04
3.888432984240353107e-04
3.601564094424247742e-04
4.491908475756645203e-04
3.921921888832002878e-04
4.026166570838540792e-04
3.769326722249388695e-04
3.786064044106751680e-04
3.616609610617160797e-04
3.957860462833195925e-04
3.889461513608694077e-04
3.616078465711325407e-04
3.581473138183355331e-04
3.327230806462466717e-04
3.274800546932965517e-04
3.101519541814923286e-04
2.811957674566656351e-04
2.570187207311391830e-04
2.915694203693419695e-04
2.558499982114881277e-04
2.487024758011102676e-04
2.933976647909730673e-04
2.248655218863859773e-04
2.627224603202193975e-04
3.001446602866053581e-04
2.232741389889270067e-04
2.504471631255000830e-04
2.507721073925495148e-04
1.939494395628571510e-04
2.213979751104488969e-04
2.281728811794891953e-04
2.576364786364138126e-04
2.249142125947400928e-04
2.007437142310664058e-04
1.991879835259169340e-04
1.836259471019729972e-04
1.685394090600311756e-04
2.336023753741756082e-04
1.902350632008165121e-04
1.820814795792102814e-04
1.854834845289587975e-04
1.888328988570719957e-04
1.869096013251692057e-04
1.940350775839760900e-04
2.096881362376734614e-04
1.943169772857800126e-04
1.733848330331966281e-04
2.095458621624857187e-04
2.161806769436225295e-04
2.418385993223637342e-04
2.044851134996861219e-04
2.110487839672714472e-04
1.906589022837579250e-04
1.835577131714671850e-04
1.598087837919592857e-04
1.734030083753168583e-04
1.748574431985616684e-04
1.785333297448232770e-04
1.596578658791258931e-04
1.561603858135640621e-04
1.493387972004711628e-04
1.234871306223794818e-04
1.664236333454027772e-04
1.408340467605739832e-04
1.457155449315905571e-04
1.354623236693441868e-04
1.322834432357922196e-04
1.301878510275855660e-04
1.288331259274855256e-04
1.321196177741512656e-04
1.613543863641098142e-04
1.217394019477069378e-04
1.371030230075120926e-04
1.320181036135181785e-04
9.789716568775475025e-05
1.099058135878294706e-04
8.773188164923340082e-05
6.887573545100167394e-05
5.700693509425036609e-05
4.485741737880744040e-05
2.761373252724297345e-05
1.387772681482601911e-05
6.955653134355088696e-06
0.000000000000000000e+00
0.000000000000000000e+00
0.000000000000000000e+00
0.000000000000000000e+00
0.000000000000000000e+00
0.000000000000000000e+00
0.000000000000000000e+00
0.000000000000000000e+00
0.000000000000000000e+00
0.000000000000000000e+00
0.000000000000000000e+00
0.000000000000000000e+00
0.000000000000000000e+00
0.000000000000000000e+00
0.000000000000000000e+00
0.000000000000000000e+00
0.000000000000000000e+00
0.000000000000000000e+00
0.000000000000000000e+00
0.000000000000000000e+00
0.000000000000000000e+00
0.000000000000000000e+00
0.000000000000000000e+00
0.000000000000000000e+00
0.000000000000000000e+00
0.000000000000000000e+00
0.000000000000000000e+00
0.000000000000000000e+00
0.000000000000000000e+00
0.000000000000000000e+00
0.000000000000000000e+00
0.000000000000000000e+00
0.000000000000000000e+00
0.000000000000000000e+00
0.000000000000000000e+00
0.000000000000000000e+00
0.000000000000000000e+00
