0.000000000000000000e+00
0.000000000000000000e+00
0.000000000000000000e+00
0.000000000000000000e+00
0.000000000000000000e+00
0.000000000000000000e+00
0.000000000000000000e+00
0.000000000000000000e+00
0.000000000000000000e+00
0.000000000000000000e+00
0.000000000000000000e+00
0.000000000000000000e+00
0.000000000000000000e+00
0.000000000000000000e+00
0.000000000000000000e+00
0.000000000000000000e+00
0.000000000000000000e+00
0.000000000000000000e+00
0.000000000000000000e+00
0.000000000000000000e+00
0.000000000000000000e+00
0.000000000000000000e+00
0.000000000000000000e+00
0.000000000000000000e+00
0.000000000000000000e+00
0.000000000000000000e+00
0.000000000000000000e+00
0.000000000000000000e+00
0.000000000000000000e+00
0.000000000000000000e+00
3.272973481216467917e-05
1.628335157874971628e-04
2.937717072200030088e-04
4.562996036838740110e-04
5.862467223778367043e-04
6.512501277029514313e-04
7.193795172497630119e-04
1.206559711135923862e-03
1.958549953997135162e-03
2.086701802909374237e-03
2.477635163813829422e-03
2.444520127028226852e-03
3.227786161005496979e-03
2.962629077956080437e-03
1.985461218282580376e-03
3.027502913028001785e-03
2.473553642630577087e-03
2.702701371163129807e-03
2.540904097259044647e-03
2.413659123703837395e-03
2.378822071477770805e-03
2.410186687484383583e-03
2.967935521155595779e-03
2.248625736683607101e-03
2.183386124670505524e-03
2.216988708823919296e-03
2.316004363819956779e-03
2.380791120231151581e-03
2.116912044584751129e-03
2.706617815420031548e-03
3.000168362632393837e-03
2.801676047965884209e-03
3.035805188119411469e-03
2.087765373289585114e-03
2.671087160706520081e-03
2.607748843729496002e-03
2.344697015359997749e-03
2.416541567072272301e-03
2.478512236848473549e-03
2.638267586007714272e-03
3.065724857151508331e-03
2.477328060194849968e-03
2.638862002640962601e-03
2.640940947458148003e-03
2.931679598987102509e-03
3.193098586052656174e-03
3.003491787239909172e-03
2.508705249056220055e-03
2.053082222118973732e-03
3.000551369041204453e-03
3.132808720692992210e-03
2.740224590525031090e-03
3.160786116495728493e-03
3.227209672331809998e-03
2.965750172734260559e-03
3.262623678892850876e-03
3.491077339276671410e-03
3.653407329693436623e-03
3.456964856013655663e-03
3.297460032626986504e-03
3.293715650215744972e-03
4.243302159011363983e-03
3.623562864959239960e-03
3.686417127028107643e-03
3.981821238994598389e-03
3.947278484702110291e-03
3.294453956186771393e-03
3.949130885303020477e-03
4.438622388988733292e-03
4.595535341650247574e-03
5.087612196803092957e-03
5.222470965236425400e-03
4.960967693477869034e-03
5.154094658792018890e-03
5.285509396344423294e-03
5.775200668722391129e-03
6.458800751715898514e-03
6.417196709662675858e-03
6.976644042879343033e-03
7.301544770598411560e-03
7.195651996880769730e-03
8.404299616813659668e-03
8.021727204322814941e-03
7.722422480583190918e-03
7.591201458126306534e-03
8.732065558433532715e-03
7.198851555585861206e-03
8.345373906195163727e-03
7.717833854258060455e-03
8.146668784320354462e-03
7.845889776945114136e-03
9.252786636352539062e-03
8.121402002871036530e-03
8.510209619998931885e-03
7.850912399590015411e-03
8.306142874062061310e-03
8.242053911089897156e-03
8.506537415087223053e-03
8.634035475552082062e-03
8.793232031166553497e-03
8.079868741333484650e-03
7.853260263800621033e-03
8.182757534086704254e-03
8.152134716510772705e-03
7.888670079410076141e-03
7.369098253548145294e-03
8.149209432303905487e-03
7.796020247042179108e-03
6.842614151537418365e-03
7.623451761901378632e-03
7.882917299866676331e-03
8.043845184147357941e-03
8.307730779051780701e-03
8.532257750630378723e-03
7.395552005618810654e-03
7.980496622622013092e-03
1.000799983739852905e-02
9.876758791506290436e-03
9.219448082149028778e-03
9.026011452078819275e-03
7.718091830611228943e-03
6.678125821053981781e-03
6.031045224517583847e-03
5.903538782149553299e-03
4.278913140296936035e-03
3.880552714690566063e-03
2.903983229771256447e-03
1.792848808690905571e-03
1.274972804822027683e-03
1.113856444135308266e-03
9.485161863267421722e-04
6.853811792097985744e-04
2.941662096418440342e-04
9.757095540408045053e-05
9.798182873055338860e-05
6.536483124364167452e-05
3.212865340174175799e-05
0.000000000000000000e+00
0.000000000000000000e+00
0.000000000000000000e+00
0.000000000000000000e+00
0.000000000000000000e+00
0.000000000000000000e+00
0.000000000000000000e+00
0.000000000000000000e+00
0.000000000000000000e+00
0.000000000000000000e+00
0.000000000000000000e+00
0.000000000000000000e+00
0.000000000000000000e+00
0.000000000000000000e+00
0.000000000000000000e+00
0.000000000000000000e+00
0.000000000000000000e+00
0.000000000000000000e+00
0.000000000000000000e+00
0.000000000000000000e+00
0.000000000000000000e+00
0.000000000000000000e+00
0.000000000000000000e+00
0.000000000000000000e+00
0.000000000000000000e+00
0.000000000000000000e+00
0.000000000000000000e+00
0.000000000000000000e+00
0.000000000000000000e+00
0.000000000000000000e+00
0.000000000000000000e+00
0.000000000000000000e+00
0.000000000000000000e+00
0.000000000000000000e+00
0.000000000000000000e+00
0.000000000000000000e+00
0.000000000000000000e+00
0.000000000000000000e+00
0.000000000000000000e+00
0.000000000000000000e+00
0.000000000000000000e+00
0.000000000000000000e+00
0.000000000000000000e+00
0.000000000000000000e+00
0.000000000000000000e+00
0.000000000000000000e+00
0.000000000000000000e+00
0.000000000000000000e+00
0.000000000000000000e+00
0.000000000000000000e+00
0.000000000000000000e+00
0.000000000000000000e+00
0.000000000000000000e+00
0.000000000000000000e+00
0.000000000000000000e+00
0.000000000000000000e+00
0.000000000000000000e+00
0.000000000000000000e+00
0.000000000000000000e+00
0.000000000000000000e+00
0.000000000000000000e+00
0.000000000000000000e+00
0.000000000000000000e+00
0.000000000000000000e+00
0.000000000000000000e+00
0.000000000000000000e+00
0.000000000000000000e+00
0.000000000000000000e+00
0.000000000000000000e+00
0.000000000000000000e+00
0.000000000000000000e+00
0.000000000000000000e+00
0.000000000000000000e+00
0.000000000000000000e+00
0.000000000000000000e+00
0.000000000000000000e+00
0.000000000000000000e+00
0.000000000000000000e+00
0.000000000000000000e+00
0.000000000000000000e+00
0.000000000000000000e+00
0.000000000000000000e+00
0.000000000000000000e+00
0.000000000000000000e+00
0.000000000000000000e+00
0.000000000000000000e+00
0.000000000000000000e+00
0.000000000000000000e+00
0.000000000000000000e+00
0.000000000000000000e+00
0.000000000000000000e+00
0.000000000000000000e+00
0.000000000000000000e+00
0.000000000000000000e+00
0.000000000000000000e+00
0.000000000000000000e+00
0.000000000000000000e+00
0.000000000000000000e+00
0.000000000000000000e+00
0.000000000000000000e+00
0.000000000000000000e+00
0.000000000000000000e+00
0.000000000000000000e+00
0.000000000000000000e+00
0.000000000000000000e+00
0.000000000000000000e+00
0.000000000000000000e+00
0.000000000000000000e+00
0.000000000000000000e+00
0.000000000000000000e+00
0.000000000000000000e+00
0.000000000000000000e+00
0.000000000000000000e+00
0.000000000000000000e+00
0.000000000000000000e+00
0.000000000000000000e+00
0.000000000000000000e+00
0.000000000000000000e+00
0.000000000000000000e+00
0.000000000000000000e+00
0.000000000000000000e+00
0.000000000000000000e+00
0.000000000000000000e+00
0.000000000000000000e+00
0.000000000000000000e+00
0.000000000000000000e+00
0.000000000000000000e+00
0.000000000000000000e+00
0.000000000000000000e+00
0.000000000000000000e+00
0.000000000000000000e+00
0.000000000000000000e+00
0.000000000000000000e+00
0.000000000000000000e+00
0.000000000000000000e+00
0.000000000000000000e+00
0.000000000000000000e+00
0.000000000000000000e+00
0.000000000000000000e+00
0.000000000000000000e+00
0.000000000000000000e+00
0.000000000000000000e+00
0.000000000000000000e+00
0.000000000000000000e+00
0.000000000000000000e+00
0.000000000000000000e+00
0.000000000000000000e+00
0.000000000000000000e+00
0.000000000000000000e+00
0.000000000000000000e+00
0.000000000000000000e+00
0.000000000000000000e+00
0.000000000000000000e+00
0.000000000000000000e+00
0.000000000000000000e+00
0.000000000000000000e+00
0.000000000000000000e+00
0.000000000000000000e+00
0.000000000000000000e+00
3.266145722591318190e-05
3.287391155026853085e-05
1.959702058229595423e-04
2.605409245006740093e-04
3.918044094461947680e-04
7.847586530260741711e-04
1.565865124575793743e-03
1.498683122918009758e-03
1.954866573214530945e-03
2.214788459241390228e-03
2.379427663981914520e-03
2.868454204872250557e-03
3.585418220609426498e-03
4.664887208491563797e-03
4.957491997629404068e-03
5.608122795820236206e-03
5.773483309894800186e-03
5.475111305713653564e-03
6.521800067275762558e-03
5.474553443491458893e-03
5.731676705181598663e-03
5.831821821630001068e-03
7.039480842649936676e-03
6.777163594961166382e-03
6.805556826293468475e-03
7.168824784457683563e-03
7.953325286507606506e-03
8.010976947844028473e-03
8.857350796461105347e-03
7.500882260501384735e-03
9.713362902402877808e-03
9.647501632571220398e-03
8.868681266903877258e-03
1.102199405431747437e-02
9.036573581397533417e-03
1.017730776220560074e-02
1.099126972258090973e-02
9.430337697267532349e-03
9.620223194360733032e-03
9.516391903162002563e-03
9.685805998742580414e-03
1.060391776263713837e-02
9.164737537503242493e-03
9.451434947550296783e-03
9.871453978121280670e-03
9.518226608633995056e-03
9.553716517984867096e-03
9.260100312530994415e-03
8.480390533804893494e-03
8.303558453917503357e-03
8.014222607016563416e-03
8.835431188344955444e-03
7.762742694467306137e-03
7.137643638998270035e-03
7.529558613896369934e-03
7.388022262603044510e-03
6.842971779406070709e-03
8.534626103937625885e-03
7.451652083545923233e-03
7.649716455489397049e-03
7.161720655858516693e-03
7.193522062152624130e-03
6.871558260172605515e-03
7.519934792071580887e-03
7.389977108687162399e-03
6.870549172163009644e-03
6.804798729717731476e-03
6.321738939732313156e-03
6.222120951861143112e-03
5.892887245863676071e-03
5.342719610780477524e-03
4.883355461061000824e-03
5.539818201214075089e-03
4.861149936914443970e-03
4.725347273051738739e-03
5.574555601924657822e-03
4.272445105016231537e-03
4.991726949810981750e-03
5.702748429030179977e-03
4.242208320647478104e-03
4.758495837450027466e-03
4.764670506119728088e-03
3.685039468109607697e-03
4.206561483442783356e-03
4.335284698754549026e-03
4.895093385130167007e-03
4.273369908332824707e-03
3.814130788668990135e-03
3.784571541473269463e-03
3.488892922177910805e-03
3.202248597517609596e-03
4.438444972038269043e-03
3.614466171711683273e-03
3.459548112004995346e-03
3.524186089634895325e-03
3.587824990972876549e-03
3.551282454282045364e-03
3.686666488647460938e-03
3.984074573963880539e-03
3.692022757604718208e-03
3.294311696663498878e-03
3.981371410191059113e-03
4.107432905584573746e-03
4.594933707267045975e-03
3.885217243805527687e-03
4.009926691651344299e-03
3.622519085183739662e-03
3.487596753984689713e-03
3.036367008462548256e-03
3.294657217338681221e-03
3.322291420772671700e-03
3.392133163288235664e-03
3.033499466255307198e-03
2.967047272250056267e-03
2.837437205016613007e-03
2.346255583688616753e-03
3.162048989906907082e-03
2.675846917554736137e-03
2.768595470115542412e-03
2.573784440755844116e-03
2.513385610654950142e-03
2.473569242283701897e-03
2.447829581797122955e-03
2.510272432118654251e-03
3.065733239054679871e-03
2.313048578798770905e-03
2.604957437142729759e-03
2.508343895897269249e-03
1.860046177171170712e-03
2.088210545480251312e-03
1.666905707679688931e-03
1.308639068156480789e-03
1.083131763152778149e-03
8.522909483872354031e-04
5.246609216555953026e-04
2.636768331285566092e-04
1.321573945460841060e-04
0.000000000000000000e+00
0.000000000000000000e+00
0.000000000000000000e+00
0.000000000000000000e+00
0.000000000000000000e+00
0.000000000000000000e+00
0.000000000000000000e+00
0.000000000000000000e+00
0.000000000000000000e+00
0.000000000000000000e+00
0.000000000000000000e+00
0.000000000000000000e+00
0.000000000000000000e+00
0.000000000000000000e+00
0.000000000000000000e+00
0.000000000000000000e+00
0.000000000000000000e+00
0.000000000000000000e+00
0.000000000000000000e+00
0.000000000000000000e+00
0.000000000000000000e+00
0.000000000000000000e+00
0.000000000000000000e+00
0.000000000000000000e+00
0.000000000000000000e+00
0.000000000000000000e+00
0.000000000000000000e+00
0.000000000000000000e+00
0.000000000000000000e+00
0.000000000000000000e+00
0.000000000000000000e+00
0.000000000000000000e+00
0.000000000000000000e+00
0.000000000000000000e+00
0.000000000000000000e+00
0.000000000000000000e+00
0.000000000000000000e+00
