4.040182089552239830e+01
4.068819441409153370e+01
4.001977116704806292e+01
4.003862673274439032e+01
3.978524637681159959e+01
3.990454845088991931e+01
4.040163473199127964e+01
4.039727179487180564e+01
4.046719094922737980e+01
3.967943248904971654e+01
4.045572221388931666e+01
4.091878347107439140e+01
4.045889230769231659e+01
4.007010726573569315e+01
4.018963239673001908e+01
3.984479875559013351e+01
4.079094313925774884e+01
4.025821729957806383e+01
4.076171171171171892e+01
4.067271676300579486e+01
4.107640727452679386e+01
4.018090402882411638e+01
4.099864658787648608e+01
4.004959247648903897e+01
3.983256097560976627e+01
3.995202185792351202e+01
4.001433333333334019e+01
3.994578845408757672e+01
4.096461563307494202e+01
4.034508707666603300e+01
4.009159226190477199e+01
3.992102766798419822e+01
4.104498044328553874e+01
3.937165991902835316e+01
3.921396053558845551e+01
3.983253012048193398e+01
3.998755376344087153e+01
4.062862578821484050e+01
3.969207264957266545e+01
3.990525619834711790e+01
3.973882352941177487e+01
4.008205128205129597e+01
3.944803104749698264e+01
4.163457402812242236e+01
3.968933552886478822e+01
4.049203809523810094e+01
4.092414529914530874e+01
4.078442317916002935e+01
4.125736763236764659e+01
4.018968222043444882e+01
4.044229987809834626e+01
4.030776515151516293e+01
4.035019501950196741e+01
4.047569444444445708e+01
4.034701754385966410e+01
4.079958912296429929e+01
4.100395354031718398e+01
4.052214047330097912e+01
4.066058704453442374e+01
4.021773504273505750e+01
4.102427262659821849e+01
3.961036226930964688e+01
4.008828828828829671e+01
4.011486568986570234e+01
4.059850690556179131e+01
4.049306869089100758e+01
4.043450602409639316e+01
4.089450756302521484e+01
4.029987918381959133e+01
4.121395348837209838e+01
4.089287878787880004e+01
4.127595844307873563e+01
4.135222738863058112e+01
4.076009734301445064e+01
4.067129794465125059e+01
4.024520017219114720e+01
4.018058510638299197e+01
4.009285714285715585e+01
4.091561300519305178e+01
4.023922111480252539e+01
4.052779017857144339e+01
4.036628593628594786e+01
4.035053990610330032e+01
4.046575331951800791e+01
4.105615059817031920e+01
3.996228239845262209e+01
4.064920365068003605e+01
4.065419790104948561e+01
4.091751722853418016e+01
4.099732337153634631e+01
4.165851906158358275e+01
4.164320987654321726e+01
4.142175499231952074e+01
4.147155080213904910e+01
4.165367228794362120e+01
4.170005213220728990e+01
4.100733812949641788e+01
4.155796405962835394e+01
4.122916666666667140e+01
4.056877461939743057e+01
