0.000000000000000000e+00
0.000000000000000000e+00
0.000000000000000000e+00
0.000000000000000000e+00
0.000000000000000000e+00
0.000000000000000000e+00
0.000000000000000000e+00
0.000000000000000000e+00
0.000000000000000000e+00
0.000000000000000000e+00
0.000000000000000000e+00
0.000000000000000000e+00
0.000000000000000000e+00
0.000000000000000000e+00
0.000000000000000000e+00
0.000000000000000000e+00
0.000000000000000000e+00
0.000000000000000000e+00
0.000000000000000000e+00
0.000000000000000000e+00
0.000000000000000000e+00
0.000000000000000000e+00
0.000000000000000000e+00
1.724945605019456707e-06
5.151190634933300316e-06
3.607043618103489280e-05
9.602850332157686353e-05
2.435060741845518351e-04
5.266225780360400677e-04
9.391173371113836765e-04
1.815986353904008865e-03
2.860446926206350327e-03
3.994162194430828094e-03
5.632726475596427917e-03
8.085062727332115173e-03
1.089468877762556076e-02
1.440697722136974335e-02
1.786325126886367798e-02
2.126160636544227600e-02
2.494681254029273987e-02
2.781466953456401825e-02
2.993358299136161804e-02
3.176868334412574768e-02
3.299478068947792053e-02
3.281579166650772095e-02
3.341952338814735413e-02
3.351005539298057556e-02
3.337182849645614624e-02
3.358419239521026611e-02
3.335908800363540649e-02
3.323263302445411682e-02
3.358780592679977417e-02
3.364885225892066956e-02
3.343071788549423218e-02
3.361046686768531799e-02
3.341414779424667358e-02
3.347076475620269775e-02
3.357088938355445862e-02
3.327903524041175842e-02
3.384768217802047729e-02
3.344995528459548950e-02
3.316982835531234741e-02
3.300086036324501038e-02
3.399667143821716309e-02
3.354164585471153259e-02
3.351068496704101562e-02
3.343311697244644165e-02
3.341149911284446716e-02
3.321780264377593994e-02
3.337414562702178955e-02
3.339831531047821045e-02
3.306608647108078003e-02
3.345717862248420715e-02
3.333026915788650513e-02
3.357393294572830200e-02
3.352710977196693420e-02
3.350371122360229492e-02
3.346442431211471558e-02
3.377456218004226685e-02
3.366332501173019409e-02
3.359195217490196228e-02
3.317080810666084290e-02
3.339196369051933289e-02
3.373152762651443481e-02
3.369693830609321594e-02
3.333380073308944702e-02
3.383133932948112488e-02
3.347868844866752625e-02
3.314765915274620056e-02
3.329694643616676331e-02
3.372993692755699158e-02
3.384541720151901245e-02
3.341293707489967346e-02
3.370427712798118591e-02
3.348111733794212341e-02
3.320720046758651733e-02
3.322635218501091003e-02
3.372504934668540955e-02
3.349131718277931213e-02
3.364163264632225037e-02
3.330363333225250244e-02
3.326743468642234802e-02
3.321683779358863831e-02
3.329355642199516296e-02
3.313964232802391052e-02
3.277650475502014160e-02
3.311272338032722473e-02
3.283559158444404602e-02
3.292296826839447021e-02
3.288062289357185364e-02
3.246615454554557800e-02
3.240936622023582458e-02
3.211290761828422546e-02
3.178960829973220825e-02
3.146753832697868347e-02
3.154320642352104187e-02
3.077724017202854156e-02
3.075688704848289490e-02
3.097235597670078278e-02
2.979467809200286865e-02
3.024526685476303101e-02
2.917782030999660492e-02
2.901272103190422058e-02
2.822920493781566620e-02
2.821578644216060638e-02
2.757129818201065063e-02
2.731704711914062500e-02
2.672684937715530396e-02
2.646325901150703430e-02
2.556486055254936218e-02
2.592036128044128418e-02
2.504504099488258362e-02
2.470332756638526917e-02
2.420651353895664215e-02
2.369376830756664276e-02
2.321768924593925476e-02
2.278132177889347076e-02
2.267133258283138275e-02
2.214498259127140045e-02
2.182885631918907166e-02
2.114283666014671326e-02
2.068473398685455322e-02
2.045409195125102997e-02
1.969758793711662292e-02
1.923537254333496094e-02
1.901384070515632629e-02
1.845222897827625275e-02
1.817896403372287750e-02
1.756110414862632751e-02
1.705469377338886261e-02
1.651595719158649445e-02
1.633518747985363007e-02
1.590414717793464661e-02
1.508661266416311264e-02
1.454226579517126083e-02
1.426798757165670395e-02
1.326631382107734680e-02
1.263234019279479980e-02
1.211893092840909958e-02
1.165170781314373016e-02
1.067457348108291626e-02
9.858186356723308563e-03
9.013883769512176514e-03
8.157657459378242493e-03
7.417195476591587067e-03
6.425918545573949814e-03
5.813875701278448105e-03
5.016338080167770386e-03
4.400066565722227097e-03
3.705166280269622803e-03
3.068782389163970947e-03
2.630734350532293320e-03
2.179838018491864204e-03
1.743278698995709419e-03
1.478006015531718731e-03
1.230921596288681030e-03
8.830472943373024464e-04
6.961041945032775402e-04
4.559826338663697243e-04
3.492166870273649693e-04
2.173138054786249995e-04
1.796202996047213674e-04
1.248580956598743796e-04
7.516072946600615978e-05
5.811885785078629851e-05
3.089009260293096304e-05
1.878747207229025662e-05
1.541268284199759364e-05
6.818696419941261411e-06
6.829469384683761746e-06
8.506601261615287513e-06
1.725667402752151247e-06
1.691768602540832944e-06
1.689745886324089952e-06
0.000000000000000000e+00
0.000000000000000000e+00
0.000000000000000000e+00
0.000000000000000000e+00
0.000000000000000000e+00
0.000000000000000000e+00
0.000000000000000000e+00
0.000000000000000000e+00
0.000000000000000000e+00
0.000000000000000000e+00
0.000000000000000000e+00
0.000000000000000000e+00
0.000000000000000000e+00
0.000000000000000000e+00
0.000000000000000000e+00
0.000000000000000000e+00
0.000000000000000000e+00
0.000000000000000000e+00
0.000000000000000000e+00
0.000000000000000000e+00
0.000000000000000000e+00
0.000000000000000000e+00
0.000000000000000000e+00
0.000000000000000000e+00
0.000000000000000000e+00
0.000000000000000000e+00
0.000000000000000000e+00
0.000000000000000000e+00
0.000000000000000000e+00
0.000000000000000000e+00
0.000000000000000000e+00
0.000000000000000000e+00
0.000000000000000000e+00
0.000000000000000000e+00
0.000000000000000000e+00
0.000000000000000000e+00
0.000000000000000000e+00
0.000000000000000000e+00
0.000000000000000000e+00
0.000000000000000000e+00
0.000000000000000000e+00
0.000000000000000000e+00
0.000000000000000000e+00
0.000000000000000000e+00
0.000000000000000000e+00
0.000000000000000000e+00
0.000000000000000000e+00
0.000000000000000000e+00
0.000000000000000000e+00
0.000000000000000000e+00
0.000000000000000000e+00
0.000000000000000000e+00
0.000000000000000000e+00
0.000000000000000000e+00
0.000000000000000000e+00
0.000000000000000000e+00
0.000000000000000000e+00
0.000000000000000000e+00
0.000000000000000000e+00
0.000000000000000000e+00
0.000000000000000000e+00
0.000000000000000000e+00
0.000000000000000000e+00
0.000000000000000000e+00
0.000000000000000000e+00
0.000000000000000000e+00
0.000000000000000000e+00
0.000000000000000000e+00
0.000000000000000000e+00
0.000000000000000000e+00
0.000000000000000000e+00
0.000000000000000000e+00
0.000000000000000000e+00
0.000000000000000000e+00
0.000000000000000000e+00
0.000000000000000000e+00
0.000000000000000000e+00
0.000000000000000000e+00
0.000000000000000000e+00
0.000000000000000000e+00
0.000000000000000000e+00
0.000000000000000000e+00
0.000000000000000000e+00
0.000000000000000000e+00
0.000000000000000000e+00
0.000000000000000000e+00
0.000000000000000000e+00
0.000000000000000000e+00
0.000000000000000000e+00
0.000000000000000000e+00
0.000000000000000000e+00
0.000000000000000000e+00
0.000000000000000000e+00
0.000000000000000000e+00
0.000000000000000000e+00
0.000000000000000000e+00
0.000000000000000000e+00
0.000000000000000000e+00
0.000000000000000000e+00
0.000000000000000000e+00
0.000000000000000000e+00
0.000000000000000000e+00
0.000000000000000000e+00
0.000000000000000000e+00
0.000000000000000000e+00
0.000000000000000000e+00
0.000000000000000000e+00
0.000000000000000000e+00
0.000000000000000000e+00
1.716908059279376175e-06
1.704132955637760460e-06
3.424705028010066599e-06
3.422508370931609534e-06
1.716908059279376175e-06
1.725795982565614395e-06
1.200668521050829440e-05
8.591458936280105263e-06
2.050026159849949181e-05
2.049665272352285683e-05
2.581359876785427332e-05
5.649084778269752860e-05
8.582654845668002963e-05
9.081930329557508230e-05
1.716863043839111924e-04
2.520356501918286085e-04
3.533039998728781939e-04
5.079185939393937588e-04
6.621853681281208992e-04
8.849436999298632145e-04
1.076336251571774483e-03
1.397929270751774311e-03
1.685211900621652603e-03
2.064375905320048332e-03
2.594677265733480453e-03
3.135265549644827843e-03
3.687685122713446617e-03
4.422758240252733231e-03
4.938497673720121384e-03
5.650047212839126587e-03
6.300174165517091751e-03
7.369192317128181458e-03
8.136981166899204254e-03
8.514880202710628510e-03
9.590504691004753113e-03
1.044363714754581451e-02
1.123573444783687592e-02
1.187011320143938065e-02
1.266777794808149338e-02
1.332805305719375610e-02
1.412428449839353561e-02
1.482360437512397766e-02
1.511879265308380127e-02
1.571023091673851013e-02
1.631511561572551727e-02
1.666693575680255890e-02
1.714173890650272369e-02
1.751087419688701630e-02
1.749999821186065674e-02
1.766710355877876282e-02
1.793773099780082703e-02
1.839428022503852844e-02
1.886933669447898865e-02
1.888582110404968262e-02
1.914099976420402527e-02
1.971245370805263519e-02
2.033399790525436401e-02
2.078843861818313599e-02
2.127400599420070648e-02
2.152781747281551361e-02
2.228450588881969452e-02
2.230888605117797852e-02
2.275291271507740021e-02
2.375084906816482544e-02
2.463158406317234039e-02
2.517979592084884644e-02
2.554718963801860809e-02
2.598345465958118439e-02
2.622968144714832306e-02
2.671233005821704865e-02
2.758968621492385864e-02
2.788647077977657318e-02
2.833312004804611206e-02
2.893525362014770508e-02
2.950390055775642395e-02
2.989675477147102356e-02
3.034592233598232269e-02
3.063314221799373627e-02
3.097812645137310028e-02
3.105070255696773529e-02
3.167621418833732605e-02
3.185911476612091064e-02
3.211539983749389648e-02
3.229049965739250183e-02
3.257868438959121704e-02
3.283846378326416016e-02
3.270942345261573792e-02
3.256850689649581909e-02
3.313705697655677795e-02
3.262635692954063416e-02
3.328323736786842346e-02
3.308860957622528076e-02
3.298268839716911316e-02
3.329653292894363403e-02
3.294323012232780457e-02
3.356634080410003662e-02
3.326103836297988892e-02
3.348652645945549011e-02
3.377915918827056885e-02
3.356201201677322388e-02
3.351863846182823181e-02
3.332523256540298462e-02
3.344987705349922180e-02
3.355245664715766907e-02
3.339141979813575745e-02
3.370176255702972412e-02
3.322004899382591248e-02
3.307056799530982971e-02
3.362339735031127930e-02
3.324548155069351196e-02
3.364380449056625366e-02
3.341548517346382141e-02
3.361228853464126587e-02
3.363893181085586548e-02
3.329205885529518127e-02
3.376203775405883789e-02
3.342710062861442566e-02
3.333974629640579224e-02
3.342410922050476074e-02
3.337032720446586609e-02
3.340283781290054321e-02
3.327564522624015808e-02
3.305828943848609924e-02
3.297776356339454651e-02
3.346376866102218628e-02
3.317774087190628052e-02
3.304501995444297791e-02
3.376559168100357056e-02
3.340432792901992798e-02
3.352582082152366638e-02
3.338439017534255981e-02
3.335900604724884033e-02
3.379617258906364441e-02
3.344370052218437195e-02
3.328376635909080505e-02
3.409433737397193909e-02
3.357302770018577576e-02
3.309218585491180420e-02
3.329483419656753540e-02
3.330947086215019226e-02
3.336780145764350891e-02
3.337431699037551880e-02
3.336881101131439209e-02
3.320645168423652649e-02
3.256281837821006775e-02
3.225889429450035095e-02
3.151595592498779297e-02
3.079145029187202454e-02
2.964026108384132385e-02
2.811233885586261749e-02
2.708215825259685516e-02
2.537377364933490753e-02
2.341817505657672882e-02
2.109222859144210815e-02
1.874862052500247955e-02
1.567682810127735138e-02
1.255577150732278824e-02
9.577480144798755646e-03
7.248427718877792358e-03
4.821783397346735001e-03
2.876801416277885437e-03
1.307405647821724415e-03
3.817654505837708712e-04
6.607230170629918575e-05
3.475354560578125529e-06
0.000000000000000000e+00
0.000000000000000000e+00
0.000000000000000000e+00
0.000000000000000000e+00
0.000000000000000000e+00
0.000000000000000000e+00
0.000000000000000000e+00
0.000000000000000000e+00
0.000000000000000000e+00
0.000000000000000000e+00
0.000000000000000000e+00
0.000000000000000000e+00
0.000000000000000000e+00
0.000000000000000000e+00
0.000000000000000000e+00
0.000000000000000000e+00
0.000000000000000000e+00
0.000000000000000000e+00
0.000000000000000000e+00
0.000000000000000000e+00
0.000000000000000000e+00
0.000000000000000000e+00
0.000000000000000000e+00
0.000000000000000000e+00
0.000000000000000000e+00
0.000000000000000000e+00
0.000000000000000000e+00
0.000000000000000000e+00
0.000000000000000000e+00
0.000000000000000000e+00
0.000000000000000000e+00
0.000000000000000000e+00
