0.000000000000000000e+00
0.000000000000000000e+00
0.000000000000000000e+00
0.000000000000000000e+00
0.000000000000000000e+00
0.000000000000000000e+00
0.000000000000000000e+00
0.000000000000000000e+00
0.000000000000000000e+00
0.000000000000000000e+00
0.000000000000000000e+00
0.000000000000000000e+00
0.000000000000000000e+00
0.000000000000000000e+00
0.000000000000000000e+00
0.000000000000000000e+00
0.000000000000000000e+00
0.000000000000000000e+00
0.000000000000000000e+00
0.000000000000000000e+00
0.000000000000000000e+00
0.000000000000000000e+00
0.000000000000000000e+00
0.000000000000000000e+00
0.000000000000000000e+00
0.000000000000000000e+00
1.239020784851163626e-04
7.009424152784049511e-04
1.947959186509251595e-03
4.144035279750823975e-03
9.328684769570827484e-03
1.679655164480209351e-02
2.713788300752639771e-02
4.132566973567008972e-02
5.587965622544288635e-02
7.593978196382522583e-02
1.059559732675552368e-01
1.408798992633819580e-01
1.803058534860610962e-01
2.165945917367935181e-01
2.431364506483078003e-01
2.574770748615264893e-01
2.677930593490600586e-01
2.645435631275177002e-01
2.717218995094299316e-01
2.686814665794372559e-01
2.657766342163085938e-01
2.684368789196014404e-01
2.667130827903747559e-01
2.709738910198211670e-01
2.683354318141937256e-01
2.696218788623809814e-01
2.690441906452178955e-01
2.705858945846557617e-01
2.682147324085235596e-01
2.704265415668487549e-01
2.672996819019317627e-01
2.695280015468597412e-01
2.675147354602813721e-01
2.711262106895446777e-01
2.706453502178192139e-01
2.702455520629882812e-01
2.690171897411346436e-01
2.689701914787292480e-01
2.681642174720764160e-01
2.691147625446319580e-01
2.671675980091094971e-01
2.694461941719055176e-01
2.672644853591918945e-01
2.703208625316619873e-01
2.679915726184844971e-01
2.680939435958862305e-01
2.722404599189758301e-01
2.684845626354217529e-01
2.677935063838958740e-01
2.685950994491577148e-01
2.665750682353973389e-01
2.673817873001098633e-01
2.746615707874298096e-01
2.700297236442565918e-01
2.700302004814147949e-01
2.701562047004699707e-01
2.718106210231781006e-01
2.705406248569488525e-01
2.689981758594512939e-01
2.685751914978027344e-01
2.674236893653869629e-01
2.669806778430938721e-01
2.705495655536651611e-01
2.716056704521179199e-01
2.686325609683990479e-01
2.717354893684387207e-01
2.678371965885162354e-01
2.694398760795593262e-01
2.693014442920684814e-01
2.699243724346160889e-01
2.690019011497497559e-01
2.694791853427886963e-01
2.728526294231414795e-01
2.698597908020019531e-01
2.708876132965087891e-01
2.684898674488067627e-01
2.700630724430084229e-01
2.649681270122528076e-01
2.715093791484832764e-01
2.681762874126434326e-01
2.675962150096893311e-01
2.657161355018615723e-01
2.664044797420501709e-01
2.643573880195617676e-01
2.645266652107238770e-01
2.632867693901062012e-01
2.576524019241333008e-01
2.596802115440368652e-01
2.603778243064880371e-01
2.536710202693939209e-01
2.516481578350067139e-01
2.501897215843200684e-01
2.458890080451965332e-01
2.448173314332962036e-01
2.404857426881790161e-01
2.356580048799514771e-01
2.295608371496200562e-01
2.256565243005752563e-01
2.254643440246582031e-01
2.198153138160705566e-01
2.153009176254272461e-01
2.130113244056701660e-01
2.106895744800567627e-01
2.037763297557830811e-01
1.995575875043869019e-01
1.955167800188064575e-01
1.899669766426086426e-01
1.849331408739089966e-01
1.823165118694305420e-01
1.782953292131423950e-01
1.760227233171463013e-01
1.711859703063964844e-01
1.683138459920883179e-01
1.673474609851837158e-01
1.612270772457122803e-01
1.590813398361206055e-01
1.564148366451263428e-01
1.542279571294784546e-01
1.490641236305236816e-01
1.436385214328765869e-01
1.435127556324005127e-01
1.403467804193496704e-01
1.344688832759857178e-01
1.350398510694503784e-01
1.350576281547546387e-01
1.306832730770111084e-01
1.246952787041664124e-01
1.174238026142120361e-01
1.158081814646720886e-01
1.117787510156631470e-01
1.097519323229789734e-01
1.032310128211975098e-01
9.500273317098617554e-02
9.091221541166305542e-02
8.344767242670059204e-02
7.730702310800552368e-02
6.835001707077026367e-02
6.039374321699142456e-02
5.615822970867156982e-02
4.956429824233055115e-02
4.275209084153175354e-02
3.676329553127288818e-02
3.230324760079383850e-02
2.813367359340190887e-02
2.347578480839729309e-02
1.967738382518291473e-02
1.613841019570827484e-02
1.412147562950849533e-02
1.177109684795141220e-02
8.698320016264915466e-03
6.263141054660081863e-03
4.747075494378805161e-03
3.385203890502452850e-03
2.532035345211625099e-03
1.767040579579770565e-03
1.260277698747813702e-03
8.065195870585739613e-04
5.878204829059541225e-04
3.686611598823219538e-04
3.553480783011764288e-04
1.905573153635486960e-04
1.230133784702047706e-04
1.097064377972856164e-04
4.090513903065584600e-05
5.437741856439970434e-05
0.000000000000000000e+00
2.705211591091938317e-05
0.000000000000000000e+00
0.000000000000000000e+00
0.000000000000000000e+00
0.000000000000000000e+00
0.000000000000000000e+00
0.000000000000000000e+00
0.000000000000000000e+00
0.000000000000000000e+00
0.000000000000000000e+00
0.000000000000000000e+00
0.000000000000000000e+00
0.000000000000000000e+00
0.000000000000000000e+00
0.000000000000000000e+00
0.000000000000000000e+00
0.000000000000000000e+00
0.000000000000000000e+00
0.000000000000000000e+00
0.000000000000000000e+00
0.000000000000000000e+00
0.000000000000000000e+00
0.000000000000000000e+00
0.000000000000000000e+00
0.000000000000000000e+00
0.000000000000000000e+00
0.000000000000000000e+00
0.000000000000000000e+00
0.000000000000000000e+00
0.000000000000000000e+00
0.000000000000000000e+00
0.000000000000000000e+00
0.000000000000000000e+00
0.000000000000000000e+00
0.000000000000000000e+00
0.000000000000000000e+00
0.000000000000000000e+00
0.000000000000000000e+00
0.000000000000000000e+00
0.000000000000000000e+00
0.000000000000000000e+00
0.000000000000000000e+00
0.000000000000000000e+00
0.000000000000000000e+00
0.000000000000000000e+00
0.000000000000000000e+00
0.000000000000000000e+00
0.000000000000000000e+00
0.000000000000000000e+00
0.000000000000000000e+00
0.000000000000000000e+00
0.000000000000000000e+00
0.000000000000000000e+00
0.000000000000000000e+00
0.000000000000000000e+00
0.000000000000000000e+00
0.000000000000000000e+00
0.000000000000000000e+00
0.000000000000000000e+00
0.000000000000000000e+00
0.000000000000000000e+00
0.000000000000000000e+00
0.000000000000000000e+00
0.000000000000000000e+00
0.000000000000000000e+00
0.000000000000000000e+00
0.000000000000000000e+00
0.000000000000000000e+00
0.000000000000000000e+00
0.000000000000000000e+00
0.000000000000000000e+00
0.000000000000000000e+00
0.000000000000000000e+00
0.000000000000000000e+00
0.000000000000000000e+00
0.000000000000000000e+00
0.000000000000000000e+00
0.000000000000000000e+00
0.000000000000000000e+00
0.000000000000000000e+00
0.000000000000000000e+00
0.000000000000000000e+00
0.000000000000000000e+00
0.000000000000000000e+00
0.000000000000000000e+00
0.000000000000000000e+00
0.000000000000000000e+00
0.000000000000000000e+00
0.000000000000000000e+00
0.000000000000000000e+00
0.000000000000000000e+00
0.000000000000000000e+00
0.000000000000000000e+00
0.000000000000000000e+00
0.000000000000000000e+00
0.000000000000000000e+00
0.000000000000000000e+00
0.000000000000000000e+00
0.000000000000000000e+00
0.000000000000000000e+00
0.000000000000000000e+00
0.000000000000000000e+00
0.000000000000000000e+00
0.000000000000000000e+00
0.000000000000000000e+00
0.000000000000000000e+00
0.000000000000000000e+00
0.000000000000000000e+00
0.000000000000000000e+00
0.000000000000000000e+00
0.000000000000000000e+00
0.000000000000000000e+00
0.000000000000000000e+00
1.368153516523307189e-05
1.373526447423500940e-05
0.000000000000000000e+00
4.123121470911428332e-05
6.863944872748106718e-05
6.833540828665718436e-05
1.090461155399680138e-04
8.247631194535642862e-05
3.431860241107642651e-04
1.926855911733582616e-04
5.910811596550047398e-04
9.734490304253995419e-04
1.564358593896031380e-03
1.796033466234803200e-03
2.771881874650716782e-03
3.350678598508238792e-03
4.488196689635515213e-03
6.312973797321319580e-03
8.038456551730632782e-03
1.088517997413873672e-02
1.210952829569578171e-02
1.645958051085472107e-02
1.924105361104011536e-02
2.378756180405616760e-02
2.815294638276100159e-02
3.295936435461044312e-02
3.849780559539794922e-02
4.331348091363906860e-02
5.042197555303573608e-02
5.599024891853332520e-02
6.286580860614776611e-02
7.035576552152633667e-02
7.269577682018280029e-02
7.912042737007141113e-02
8.738690614700317383e-02
9.314655512571334839e-02
9.848280996084213257e-02
1.060185059905052185e-01
1.101204380393028259e-01
1.152261197566986084e-01
1.163362860679626465e-01
1.223663240671157837e-01
1.270111501216888428e-01
1.307780891656875610e-01
1.332171559333801270e-01
1.357572078704833984e-01
1.379930824041366577e-01
1.373025774955749512e-01
1.433436125516891479e-01
1.405508369207382202e-01
1.456665247678756714e-01
1.464443057775497437e-01
1.500914245843887329e-01
1.497293114662170410e-01
1.560507863759994507e-01
1.581938266754150391e-01
1.689043194055557251e-01
1.716175526380538940e-01
1.738344132900238037e-01
1.771074533462524414e-01
1.836963295936584473e-01
1.828080415725708008e-01
1.906722486019134521e-01
1.943217068910598755e-01
1.994152218103408813e-01
2.055707573890686035e-01
2.086476981639862061e-01
2.142866998910903931e-01
2.169949561357498169e-01
2.222724705934524536e-01
2.280559837818145752e-01
2.324110269546508789e-01
2.348645925521850586e-01
2.412568926811218262e-01
2.426240891218185425e-01
2.493807077407836914e-01
2.543224096298217773e-01
2.563691139221191406e-01
2.572951614856719971e-01
2.587945461273193359e-01
2.585625052452087402e-01
2.633924186229705811e-01
2.595424056053161621e-01
2.619951069355010986e-01
2.631915211677551270e-01
2.662922441959381104e-01
2.676830887794494629e-01
2.671651244163513184e-01
2.685624659061431885e-01
2.686061263084411621e-01
2.671886384487152100e-01
2.655224800109863281e-01
2.706357836723327637e-01
2.686698138713836670e-01
2.687336206436157227e-01
2.702294886112213135e-01
2.681592404842376709e-01
2.689009606838226318e-01
2.686857879161834717e-01
2.734333872795104980e-01
2.689735889434814453e-01
2.710857689380645752e-01
2.687736153602600098e-01
2.719391286373138428e-01
2.689079940319061279e-01
2.689721286296844482e-01
2.696934938430786133e-01
2.671734094619750977e-01
2.670372426509857178e-01
2.744722068309783936e-01
2.700371742248535156e-01
2.672616839408874512e-01
2.706277370452880859e-01
2.699234783649444580e-01
2.721605598926544189e-01
2.689110934734344482e-01
2.677311599254608154e-01
2.675446867942810059e-01
2.694349586963653564e-01
2.703155875205993652e-01
2.674259841442108154e-01
2.678570449352264404e-01
2.705570161342620850e-01
2.673750221729278564e-01
2.699518203735351562e-01
2.693171799182891846e-01
2.679448425769805908e-01
2.675325274467468262e-01
2.682547271251678467e-01
2.688796818256378174e-01
2.693921923637390137e-01
2.723504304885864258e-01
2.709273099899291992e-01
2.693390846252441406e-01
2.706515789031982422e-01
2.669229209423065186e-01
2.641429007053375244e-01
2.682801783084869385e-01
2.681132256984710693e-01
2.731378078460693359e-01
2.673362493515014648e-01
2.681466341018676758e-01
2.646801769733428955e-01
2.645028829574584961e-01
2.620519995689392090e-01
2.500460147857666016e-01
2.424444407224655151e-01
2.281900197267532349e-01
2.160976082086563110e-01
2.032434344291687012e-01
1.902801990509033203e-01
1.753845065832138062e-01
1.551702618598937988e-01
1.311474740505218506e-01
1.069691032171249390e-01
7.307327538728713989e-02
4.263619333505630493e-02
2.069567516446113586e-02
6.578120402991771698e-03
1.057171495631337166e-03
5.563032391364686191e-05
0.000000000000000000e+00
0.000000000000000000e+00
0.000000000000000000e+00
0.000000000000000000e+00
0.000000000000000000e+00
0.000000000000000000e+00
0.000000000000000000e+00
0.000000000000000000e+00
0.000000000000000000e+00
0.000000000000000000e+00
0.000000000000000000e+00
0.000000000000000000e+00
0.000000000000000000e+00
0.000000000000000000e+00
0.000000000000000000e+00
0.000000000000000000e+00
0.000000000000000000e+00
0.000000000000000000e+00
0.000000000000000000e+00
0.000000000000000000e+00
0.000000000000000000e+00
0.000000000000000000e+00
0.000000000000000000e+00
0.000000000000000000e+00
0.000000000000000000e+00
0.000000000000000000e+00
0.000000000000000000e+00
0.000000000000000000e+00
0.000000000000000000e+00
0.000000000000000000e+00
0.000000000000000000e+00
0.000000000000000000e+00
0.000000000000000000e+00
0.000000000000000000e+00
