0.000000000000000000e+00
0.000000000000000000e+00
0.000000000000000000e+00
0.000000000000000000e+00
0.000000000000000000e+00
0.000000000000000000e+00
0.000000000000000000e+00
0.000000000000000000e+00
0.000000000000000000e+00
0.000000000000000000e+00
0.000000000000000000e+00
0.000000000000000000e+00
0.000000000000000000e+00
0.000000000000000000e+00
0.000000000000000000e+00
0.000000000000000000e+00
0.000000000000000000e+00
0.000000000000000000e+00
0.000000000000000000e+00
0.000000000000000000e+00
0.000000000000000000e+00
0.000000000000000000e+00
0.000000000000000000e+00
0.000000000000000000e+00
0.000000000000000000e+00
0.000000000000000000e+00
1.548775981063954532e-05
8.761780190980061889e-05
2.434948983136564493e-04
5.180044099688529968e-04
1.166085596196353436e-03
2.099568955600261688e-03
3.392235375940799713e-03
5.165708716958761215e-03
6.984957028180360794e-03
9.492472745478153229e-03
1.324449665844440460e-02
1.760998740792274475e-02
2.253823168575763702e-02
2.707432396709918976e-02
3.039205633103847504e-02
3.218463435769081116e-02
3.347413241863250732e-02
3.306794539093971252e-02
3.396523743867874146e-02
3.358518332242965698e-02
3.322207927703857422e-02
3.355460986495018005e-02
3.333913534879684448e-02
3.387173637747764587e-02
3.354192897677421570e-02
3.370273485779762268e-02
3.363052383065223694e-02
3.382323682308197021e-02
3.352684155106544495e-02
3.380331769585609436e-02
3.341246023774147034e-02
3.369100019335746765e-02
3.343934193253517151e-02
3.389077633619308472e-02
3.383066877722740173e-02
3.378069400787353516e-02
3.362714871764183044e-02
3.362127393484115601e-02
3.352052718400955200e-02
3.363934531807899475e-02
3.339594975113868713e-02
3.368077427148818970e-02
3.340806066989898682e-02
3.379010781645774841e-02
3.349894657731056213e-02
3.351174294948577881e-02
3.403005748987197876e-02
3.356057032942771912e-02
3.347418829798698425e-02
3.357438743114471436e-02
3.332188352942466736e-02
3.342272341251373291e-02
3.433269634842872620e-02
3.375371545553207397e-02
3.375377506017684937e-02
3.376952558755874634e-02
3.397632762789726257e-02
3.381757810711860657e-02
3.362477198243141174e-02
3.357189893722534180e-02
3.342796117067337036e-02
3.337258473038673401e-02
3.381869569420814514e-02
3.395070880651473999e-02
3.357907012104988098e-02
3.396693617105484009e-02
3.347964957356452942e-02
3.367998450994491577e-02
3.366268053650856018e-02
3.374054655432701111e-02
3.362523764371871948e-02
3.368489816784858704e-02
3.410657867789268494e-02
3.373247385025024414e-02
3.386095166206359863e-02
3.356123343110084534e-02
3.375788405537605286e-02
3.312101587653160095e-02
3.393867239356040955e-02
3.352203592658042908e-02
3.344952687621116638e-02
3.321451693773269653e-02
3.330055996775627136e-02
3.304467350244522095e-02
3.306583315134048462e-02
3.291084617376327515e-02
3.220655024051666260e-02
3.246002644300460815e-02
3.254722803831100464e-02
3.170887753367424011e-02
3.145601972937583923e-02
3.127371519804000854e-02
3.073612600564956665e-02
3.060216642916202545e-02
3.006071783602237701e-02
2.945725060999393463e-02
2.869510464370250702e-02
2.820706553757190704e-02
2.818304300308227539e-02
2.747691422700881958e-02
2.691261470317840576e-02
2.662641555070877075e-02
2.633619681000709534e-02
2.547204121947288513e-02
2.494469843804836273e-02
2.443959750235080719e-02
2.374587208032608032e-02
2.311664260923862457e-02
2.278956398367881775e-02
2.228691615164279938e-02
2.200284041464328766e-02
2.139824628829956055e-02
2.103923074901103973e-02
2.091843262314796448e-02
2.015338465571403503e-02
1.988516747951507568e-02
1.955185458064079285e-02
1.927849464118480682e-02
1.863301545381546021e-02
1.795481517910957336e-02
1.793909445405006409e-02
1.754334755241870880e-02
1.680861040949821472e-02
1.687998138368129730e-02
1.688220351934432983e-02
1.633540913462638855e-02
1.558690983802080154e-02
1.467797532677650452e-02
1.447602268308401108e-02
1.397234387695789337e-02
1.371899154037237167e-02
1.290387660264968872e-02
1.187534164637327194e-02
1.136402692645788193e-02
1.043095905333757401e-02
9.663377888500690460e-03
8.543752133846282959e-03
7.549217902123928070e-03
7.019778713583946228e-03
6.195537280291318893e-03
5.344011355191469193e-03
4.595411941409111023e-03
4.037905950099229813e-03
3.516709199175238609e-03
2.934473101049661636e-03
2.459672978147864342e-03
2.017301274463534355e-03
1.765184453688561916e-03
1.471387105993926525e-03
1.087290002033114433e-03
7.828926318325102329e-04
5.933844367973506451e-04
4.231504863128066063e-04
3.165044181514531374e-04
2.208800724474713206e-04
1.575347123434767127e-04
1.008149483823217452e-04
7.347756036324426532e-05
4.608264498529024422e-05
4.441850978764705360e-05
2.381966442044358701e-05
1.537667230877559632e-05
1.371330472466070205e-05
5.113142378831980750e-06
6.797177320549963042e-06
0.000000000000000000e+00
3.381514488864922896e-06
0.000000000000000000e+00
0.000000000000000000e+00
0.000000000000000000e+00
0.000000000000000000e+00
0.000000000000000000e+00
0.000000000000000000e+00
0.000000000000000000e+00
0.000000000000000000e+00
0.000000000000000000e+00
0.000000000000000000e+00
0.000000000000000000e+00
0.000000000000000000e+00
0.000000000000000000e+00
0.000000000000000000e+00
0.000000000000000000e+00
0.000000000000000000e+00
0.000000000000000000e+00
0.000000000000000000e+00
0.000000000000000000e+00
0.000000000000000000e+00
0.000000000000000000e+00
0.000000000000000000e+00
0.000000000000000000e+00
0.000000000000000000e+00
0.000000000000000000e+00
0.000000000000000000e+00
0.000000000000000000e+00
0.000000000000000000e+00
0.000000000000000000e+00
0.000000000000000000e+00
0.000000000000000000e+00
0.000000000000000000e+00
0.000000000000000000e+00
0.000000000000000000e+00
0.000000000000000000e+00
0.000000000000000000e+00
0.000000000000000000e+00
0.000000000000000000e+00
0.000000000000000000e+00
0.000000000000000000e+00
0.000000000000000000e+00
0.000000000000000000e+00
0.000000000000000000e+00
0.000000000000000000e+00
0.000000000000000000e+00
0.000000000000000000e+00
0.000000000000000000e+00
0.000000000000000000e+00
0.000000000000000000e+00
0.000000000000000000e+00
0.000000000000000000e+00
0.000000000000000000e+00
0.000000000000000000e+00
0.000000000000000000e+00
0.000000000000000000e+00
0.000000000000000000e+00
0.000000000000000000e+00
0.000000000000000000e+00
0.000000000000000000e+00
0.000000000000000000e+00
0.000000000000000000e+00
0.000000000000000000e+00
0.000000000000000000e+00
0.000000000000000000e+00
0.000000000000000000e+00
0.000000000000000000e+00
0.000000000000000000e+00
0.000000000000000000e+00
0.000000000000000000e+00
0.000000000000000000e+00
0.000000000000000000e+00
0.000000000000000000e+00
0.000000000000000000e+00
0.000000000000000000e+00
0.000000000000000000e+00
0.000000000000000000e+00
0.000000000000000000e+00
0.000000000000000000e+00
0.000000000000000000e+00
0.000000000000000000e+00
0.000000000000000000e+00
0.000000000000000000e+00
0.000000000000000000e+00
0.000000000000000000e+00
0.000000000000000000e+00
0.000000000000000000e+00
0.000000000000000000e+00
0.000000000000000000e+00
0.000000000000000000e+00
0.000000000000000000e+00
0.000000000000000000e+00
0.000000000000000000e+00
0.000000000000000000e+00
0.000000000000000000e+00
0.000000000000000000e+00
0.000000000000000000e+00
0.000000000000000000e+00
0.000000000000000000e+00
0.000000000000000000e+00
0.000000000000000000e+00
0.000000000000000000e+00
0.000000000000000000e+00
0.000000000000000000e+00
0.000000000000000000e+00
0.000000000000000000e+00
0.000000000000000000e+00
0.000000000000000000e+00
0.000000000000000000e+00
0.000000000000000000e+00
0.000000000000000000e+00
0.000000000000000000e+00
0.000000000000000000e+00
1.710191895654133987e-06
1.716908059279376175e-06
0.000000000000000000e+00
5.153901838639285415e-06
8.579931090935133398e-06
8.541926035832148045e-06
1.363076444249600172e-05
1.030953899316955358e-05
4.289825301384553313e-05
2.408569889666978270e-05
7.388514495687559247e-05
1.216811288031749427e-04
1.955448242370039225e-04
2.245041832793504000e-04
3.464852343313395977e-04
4.188348248135298491e-04
5.610245862044394016e-04
7.891217246651649475e-04
1.004807068966329098e-03
1.360647496767342091e-03
1.513691036961972713e-03
2.057447563856840134e-03
2.405131701380014420e-03
2.973445225507020950e-03
3.519118297845125198e-03
4.119920544326305389e-03
4.812225699424743652e-03
5.414185114204883575e-03
6.302746944129467010e-03
6.998781114816665649e-03
7.858226075768470764e-03
8.794470690190792084e-03
9.086972102522850037e-03
9.890053421258926392e-03
1.092336326837539673e-02
1.164331939071416855e-02
1.231035124510526657e-02
1.325231324881315231e-02
1.376505475491285324e-02
1.440326496958732605e-02
1.454203575849533081e-02
1.529579050838947296e-02
1.587639376521110535e-02
1.634726114571094513e-02
1.665214449167251587e-02
1.696965098381042480e-02
1.724913530051708221e-02
1.716282218694686890e-02
1.791795156896114349e-02
1.756885461509227753e-02
1.820831559598445892e-02
1.830553822219371796e-02
1.876142807304859161e-02
1.871616393327713013e-02
1.950634829699993134e-02
1.977422833442687988e-02
2.111303992569446564e-02
2.145219407975673676e-02
2.172930166125297546e-02
2.213843166828155518e-02
2.296204119920730591e-02
2.285100519657135010e-02
2.383403107523918152e-02
2.429021336138248444e-02
2.492690272629261017e-02
2.569634467363357544e-02
2.608096227049827576e-02
2.678583748638629913e-02
2.712436951696872711e-02
2.778405882418155670e-02
2.850699797272682190e-02
2.905137836933135986e-02
2.935807406902313232e-02
3.015711158514022827e-02
3.032801114022731781e-02
3.117258846759796143e-02
3.179030120372772217e-02
3.204613924026489258e-02
3.216189518570899963e-02
3.234931826591491699e-02
3.232031315565109253e-02
3.292405232787132263e-02
3.244280070066452026e-02
3.274938836693763733e-02
3.289894014596939087e-02
3.328653052449226379e-02
3.346038609743118286e-02
3.339564055204391479e-02
3.357030823826789856e-02
3.357576578855514526e-02
3.339857980608940125e-02
3.319031000137329102e-02
3.382947295904159546e-02
3.358372673392295837e-02
3.359170258045196533e-02
3.377868607640266418e-02
3.351990506052970886e-02
3.361262008547782898e-02
3.358572348952293396e-02
3.417917340993881226e-02
3.362169861793518066e-02
3.388572111725807190e-02
3.359670192003250122e-02
3.399239107966423035e-02
3.361349925398826599e-02
3.362151607871055603e-02
3.371168673038482666e-02
3.339667618274688721e-02
3.337965533137321472e-02
3.430902585387229919e-02
3.375464677810668945e-02
3.340771049261093140e-02
3.382846713066101074e-02
3.374043479561805725e-02
3.402006998658180237e-02
3.361388668417930603e-02
3.346639499068260193e-02
3.344308584928512573e-02
3.367936983704566956e-02
3.378944844007492065e-02
3.342824801802635193e-02
3.348213061690330505e-02
3.381962701678276062e-02
3.342187777161598206e-02
3.374397754669189453e-02
3.366464748978614807e-02
3.349310532212257385e-02
3.344156593084335327e-02
3.353184089064598083e-02
3.360996022820472717e-02
3.367402404546737671e-02
3.404380381107330322e-02
3.386591374874114990e-02
3.366738557815551758e-02
3.383144736289978027e-02
3.336536511778831482e-02
3.301786258816719055e-02
3.353502228856086731e-02
3.351415321230888367e-02
3.414222598075866699e-02
3.341703116893768311e-02
3.351832926273345947e-02
3.308502212166786194e-02
3.306286036968231201e-02
3.275649994611740112e-02
3.125575184822082520e-02
3.030555509030818939e-02
2.852375246584415436e-02
2.701220102608203888e-02
2.540542930364608765e-02
2.378502488136291504e-02
2.192306332290172577e-02
1.939628273248672485e-02
1.639343425631523132e-02
1.337113790214061737e-02
9.134159423410892487e-03
5.329524166882038116e-03
2.586959395557641983e-03
8.222650503739714622e-04
1.321464369539171457e-04
6.953790489205857739e-06
0.000000000000000000e+00
0.000000000000000000e+00
0.000000000000000000e+00
0.000000000000000000e+00
0.000000000000000000e+00
0.000000000000000000e+00
0.000000000000000000e+00
0.000000000000000000e+00
0.000000000000000000e+00
0.000000000000000000e+00
0.000000000000000000e+00
0.000000000000000000e+00
0.000000000000000000e+00
0.000000000000000000e+00
0.000000000000000000e+00
0.000000000000000000e+00
0.000000000000000000e+00
0.000000000000000000e+00
0.000000000000000000e+00
0.000000000000000000e+00
0.000000000000000000e+00
0.000000000000000000e+00
0.000000000000000000e+00
0.000000000000000000e+00
0.000000000000000000e+00
0.000000000000000000e+00
0.000000000000000000e+00
0.000000000000000000e+00
0.000000000000000000e+00
0.000000000000000000e+00
0.000000000000000000e+00
0.000000000000000000e+00
0.000000000000000000e+00
0.000000000000000000e+00
